TQ:Q, TS:S, q_pos, s_pos, q, s, d
69:1, 163:1, 0, 3, [], [], 0.370
69:1, 1895:8, 0, 4, [], [], 0.370
69:1, 2382:17, 0, 8, [], [], 0.370
69:1, 2605:4, 0, 1, [], [], 0.370
69:1, 3459:12, 0, 8, [], [], 0.370
69:1, 3667:5, 0, 3, [], [], 0.370
69:1, 4981:3, 0, 9, [], [], 0.370
69:1, 5186:2, 0, 4, [], [], 0.370
69:1, 7059:2, 0, 0, [], [], 0.370
69:1, 7373:14, 0, 0, [], [], 0.370
69:1, 7769:1, 0, 5, [], [], 0.370
69:1, 7815:7, 0, 6, [], [], 0.370
69:1, 7830:8, 0, 2, [], [], 0.370
69:1, 9342:4, 0, 2, [], [], 0.370
69:1, 10087:2, 0, 0, [], [], 0.370
69:1, 11720:8, 0, 20, [], [], 0.370
69:1, 11732:3, 0, 3, [], [], 0.370
69:1, 12537:5, 0, 5, [], [], 0.370
69:1, 14152:2, 0, 7, [], [], 0.370
69:1, 15451:2, 0, 0, [], [], 0.370
69:1, 15529:3, 0, 7, [], [], 0.370
69:1, 16405:14, 0, 9, [], [], 0.370
69:1, 17741:9, 0, 4, [], [], 0.370
69:1, 17857:3, 0, 6, [], [], 0.370
69:1, 17857:4, 0, 6, [], [], 0.370
69:1, 17879:2, 0, 3, [], [], 0.370
69:1, 18725:6, 0, 1, [], [], 0.370
69:1, 22443:7, 0, 1, [], [], 0.370
69:1, 22443:16, 0, 3, [], [], 0.370
69:1, 22443:18, 0, 0, [], [], 0.370
69:1, 22443:19, 0, 2, [], [], 0.370
69:1, 22636:4, 0, 13, [], [], 0.370
69:1, 22795:1, 0, 1, [], [], 0.370
69:1, 23711:14, 0, 4, [], [], 0.370
69:1, 23711:16, 0, 1, [], [], 0.370
69:1, 25507:6, 0, 2, [], [], 0.370
69:1, 25507:7, 0, 0, [], [], 0.370
69:1, 25507:8, 0, 3, [], [], 0.370
69:1, 25507:9, 0, 3, [], [], 0.370
69:1, 25630:14, 0, 6, [], [], 0.370
69:1, 26606:7, 0, 3, [], [], 0.370
69:1, 26795:12, 0, 5, [], [], 0.370
69:1, 26795:14, 0, 3, [], [], 0.370
69:1, 26795:20, 0, 2, [], [], 0.370
69:1, 27817:1, 0, 5, [], [], 0.370
69:1, 27880:5, 0, 8, [], [], 0.370
69:1, 27904:4, 0, 0, [], [], 0.370
69:1, 30277:5, 0, 14, [], [], 0.370
69:1, 31364:6, 0, 8, [], [], 0.370
69:1, 31364:11, 0, 12, [], [], 0.370
69:1, 31364:13, 0, 7, [], [], 0.370
69:1, 31538:18, 0, 1, [], [], 0.370
69:1, 32001:5, 0, 2, [], [], 0.370
69:1, 31979:14, 0, 2, [], [], 0.370
69:1, 31979:20, 0, 3, [], [], 0.370
69:1, 32109:4, 0, 1, [], [], 0.370
69:1, 32143:2, 0, 2, [], [], 0.370
69:1, 32666:1, 0, 0, [], [], 0.370
69:1, 33259:2, 0, 1, [], [], 0.370
69:1, 34122:13, 0, 0, [], [], 0.370
69:1, 34701:2, 0, 1, [], [], 0.370
69:1, 35191:14, 0, 4, [], [], 0.370
69:1, 35258:1, 0, 1, [], [], 0.370
69:1, 35258:2, 0, 1, [], [], 0.370
69:1, 35372:6, 0, 2, [], [], 0.370
69:1, 35486:38, 0, 98, [], [], 0.370
69:1, 35889:5, 0, 0, [], [], 0.370
69:1, 36487:3, 0, 4, [], [], 0.370
69:1, 37034:5, 0, 2, [], [], 0.370
69:1, 37533:20, 0, 0, [], [], 0.370
69:1, 37566:3, 0, 6, [], [], 0.370
69:1, 39519:2, 0, 0, [], [], 0.370
69:1, 42548:15, 0, 2, [], [], 0.370
69:1, 43205:0, 0, 0, [], [], 0.370
69:1, 43268:3, 0, 7, [], [], 0.370
69:1, 43459:0, 0, 3, [], [], 0.370
69:1, 44239:6, 0, 0, [], [], 0.370
69:1, 44657:2, 0, 0, [], [], 0.370
69:1, 44934:2, 0, 0, [], [], 0.370
69:1, 44939:4, 0, 10, [], [], 0.370
69:1, 44939:7, 0, 13, [], [], 0.370
69:1, 44939:8, 0, 11, [], [], 0.370
69:1, 44939:9, 0, 12, [], [], 0.370
69:1, 44939:10, 0, 14, [], [], 0.370
69:1, 47334:11, 0, 12, [], [], 0.370
69:1, 47334:15, 0, 1, [], [], 0.370
69:1, 47705:8, 0, 202, [], [], 0.370
69:1, 50892:9, 0, 0, [], [], 0.370
69:1, 51490:5, 0, 3, [], [], 0.370
69:1, 51878:21, 0, 3, [], [], 0.370
69:1, 52065:14, 0, 7, [], [], 0.370
69:1, 52809:6, 0, 1, [], [], 0.370
69:1, 52971:16, 0, 1, [], [], 0.370
69:1, 52979:13, 0, 1, [], [], 0.370
69:1, 53280:6, 0, 2, [], [], 0.370
69:1, 54075:2, 0, 12, [], [], 0.370
69:1, 54005:38, 0, 98, [], [], 0.370
69:1, 54514:1, 0, 6, [], [], 0.370
69:1, 56699:13, 0, 6, [], [], 0.370
69:1, 100054:5, 0, 1, [], [], 0.370
69:1, 7068:1, 1, 24, [], [], 0.505
69:1, 87899:2, 1, 3, [], [], 0.535
69:1, 99223:2, 1, 79, [], [], 0.537
69:1, 42261:4, 1, 1, [], [], 0.548
69:1, 37112:1, 1, 19, [], [], 0.548
69:1, 7068:1, 1, 26, [], [], 0.550
69:1, 12619:0, 1, 1, [], [], 0.553
69:1, 57361:0, 1, 26, [], [], 0.556
69:1, 77881:5, 1, 153, [], [], 0.557
69:1, 28250:1, 1, 6, [], [], 0.559
69:1, 7068:1, 1, 21, [], [], 0.561
69:1, 7068:1, 1, 25, [], [], 0.562
69:1, 1394:2, 1, 2, [], [], 0.562
69:1, 7612:0, 1, 24, [], [], 0.562
69:1, 17491:4, 1, 9, [], [], 0.562
69:1, 37215:0, 1, 24, [], [], 0.562
69:1, 44943:1, 1, 26, [], [], 0.562
69:1, 51895:2, 1, 4, [], [], 0.562
69:1, 64995:4, 1, 1, [], [], 0.562
69:1, 67506:1, 1, 0, [], [], 0.562
69:1, 85069:0, 1, 17, [], [], 0.562
69:1, 87061:0, 1, 17, [], [], 0.562
69:1, 93807:4, 1, 0, [], [], 0.562
69:1, 57361:0, 1, 32, [], [], 0.565
69:1, 58301:3, 1, 3, [], [], 0.567
69:1, 78785:15, 1, 13, [], [], 0.567
69:1, 83095:0, 1, 27, [], [], 0.572
69:1, 83959:0, 1, 23, [], [], 0.572
69:1, 4363:2, 1, 111, [], [], 0.572
69:1, 73481:0, 1, 254, [], [], 0.573
69:1, 32110:9, 1, 3, [], [], 0.574
69:1, 47364:2, 1, 54, [], [], 0.574
69:1, 96526:3, 1, 11, [], [], 0.574
69:1, 97263:1, 1, 2, [], [], 0.574
69:1, 72710:4, 1, 1754, [], [], 0.574
69:1, 34151:0, 1, 5, [], [], 0.574
69:1, 66801:1, 1, 22, [], [], 0.576
69:1, 57361:0, 1, 34, [], [], 0.583
69:1, 65409:2, 1, 10, [], [], 0.584
69:1, 88733:0, 1, 15, [], [], 0.584
69:1, 7068:1, 1, 27, [], [], 0.586
69:1, 69138:0, 1, 20, [], [], 0.586
69:1, 56138:2, 1, 35, [], [], 0.587
69:1, 6783:4, 1, 14, [], [], 0.591
69:1, 7993:2, 1, 0, [], [], 0.591
69:1, 9861:2, 1, 1, [], [], 0.591
69:1, 20939:2, 1, 2, [], [], 0.591
69:1, 23572:2, 1, 0, [], [], 0.591
69:1, 24504:2, 1, 1, [], [], 0.591
69:1, 25382:5, 1, 17, [], [], 0.591
69:1, 25382:10, 1, 20, [], [], 0.591
69:1, 33256:2, 1, 4, [], [], 0.591
69:1, 35486:24, 1, 77, [], [], 0.591
69:1, 35486:38, 1, 78, [], [], 0.591
69:1, 52383:3, 1, 23, [], [], 0.591
69:1, 52723:2, 1, 5, [], [], 0.591
69:1, 54005:24, 1, 77, [], [], 0.591
69:1, 54005:38, 1, 78, [], [], 0.591
69:1, 57088:2, 1, 3, [], [], 0.591
69:1, 63966:2, 1, 4, [], [], 0.591
69:1, 76052:2, 1, 2, [], [], 0.591
69:1, 87671:4, 1, 4, [], [], 0.591
69:1, 93255:4, 1, 2, [], [], 0.591
69:1, 93552:2, 1, 0, [], [], 0.591
69:1, 96640:2, 1, 2, [], [], 0.591
69:1, 93907:0, 1, 12, [], [], 0.591
69:1, 30465:0, 1, 12, [], [], 0.592
69:1, 60744:1, 1, 23, [], [], 0.592
69:1, 75680:0, 1, 59, [], [], 0.592
69:1, 7068:1, 1, 15, [], [], 0.593
69:1, 30160:0, 1, 62, [], [], 0.594
69:1, 23071:1, 1, 8, [], [], 0.596
69:1, 11720:7, 1, 34, [], [], 0.597
69:1, 95984:1, 1, 182, [], [], 0.599
69:1, 90171:0, 1, 9, [], [], 0.599
69:1, 29408:1, 1, 9, [], [], 0.601
69:1, 7068:1, 1, 13, [], [], 0.601
69:1, 546:6, 1, 4, [], [], 0.601
69:1, 71008:6, 1, 3, [], [], 0.601
69:1, 75310:3, 1, 6, [], [], 0.601
69:1, 94691:2, 1, 4, [], [], 0.602
69:1, 96384:2, 1, 4, [], [], 0.602
69:1, 86885:6, 1, 513, [], [], 0.603
69:1, 62367:0, 1, 1, [], [], 0.603
69:1, 45141:2, 1, 2, [], [], 0.603
69:1, 9359:2, 1, 0, [], [], 0.603
69:1, 4942:1, 1, 7, [], [], 0.603
69:1, 51473:0, 1, 1, [], [], 0.604
69:1, 49585:3, 1, 43, [], [], 0.604
69:1, 49585:4, 1, 47, [], [], 0.604
69:1, 49017:0, 1, 306, [], [], 0.604
69:1, 46086:3, 1, 7, [], [], 0.604
69:1, 5473:1, 1, 0, [], [], 0.605
69:1, 81652:2, 1, 1, [], [], 0.606
69:1, 4651:1, 1, 5, [], [], 0.607
69:1, 78783:2, 1, 6, [], [], 0.607
69:1, 33398:3, 1, 663, [], [], 0.607
69:1, 62125:2, 1, 5, [], [], 0.607
69:1, 81933:2, 1, 5, [], [], 0.607
69:1, 34010:28, 1, 12, [], [], 0.608
69:1, 43188:3, 2, 1, [], [], 0.260
69:1, 69681:3, 2, 23, [], [], 0.287
69:1, 87931:3, 2, 25, [], [], 0.287
69:1, 4633:0, 2, 284, [], [], 0.291
69:1, 33440:0, 2, 1, [], [], 0.292
69:1, 90317:0, 2, 90, [], [], 0.295
69:1, 93578:1, 2, 21, [], [], 0.295
69:1, 40583:2, 2, 2, [], [], 0.300
69:1, 57865:13, 2, 1, [], [], 0.302
69:1, 5161:0, 2, 6, [], [], 0.302
69:1, 99536:1, 2, 21, [], [], 0.305
69:1, 97225:4, 2, 63, [], [], 0.305
69:1, 32051:0, 2, 322, [], [], 0.306
69:1, 83623:0, 2, 40, [], [], 0.306
69:1, 21014:2, 2, 24, [], [], 0.308
69:1, 75864:2, 2, 781, [], [], 0.309
69:1, 91123:0, 2, 41, [], [], 0.310
69:1, 3855:2, 2, 2, [], [], 0.311
69:1, 98255:6, 2, 1, [], [], 0.311
69:1, 10918:2, 2, 9, [], [], 0.314
69:1, 26980:1, 2, 45, [], [], 0.314
69:1, 64169:0, 2, 59, [], [], 0.315
69:1, 94018:0, 2, 448, [], [], 0.316
69:1, 100118:0, 2, 305, [], [], 0.316
69:1, 41889:0, 2, 2, [], [], 0.316
69:1, 65536:2, 2, 38, [], [], 0.317
69:1, 68766:2, 2, 38, [], [], 0.317
69:1, 95747:2, 2, 23, [], [], 0.318
69:1, 33440:1, 2, 0, [], [], 0.318
69:1, 10159:2, 2, 15, [], [], 0.318
69:1, 81045:1, 2, 11, [], [], 0.319
69:1, 75864:3, 2, 571, [], [], 0.320
69:1, 27341:2, 2, 7, [], [], 0.321
69:1, 5964:2, 2, 37, [], [], 0.323
69:1, 15392:2, 2, 36, [], [], 0.323
69:1, 31740:2, 2, 36, [], [], 0.323
69:1, 34339:2, 2, 36, [], [], 0.323
69:1, 56478:2, 2, 36, [], [], 0.323
69:1, 62083:2, 2, 36, [], [], 0.323
69:1, 65920:2, 2, 37, [], [], 0.323
69:1, 69838:2, 2, 36, [], [], 0.323
69:1, 90317:0, 2, 326, [], [], 0.323
69:1, 95904:1, 2, 335, [], [], 0.323
69:1, 49471:1, 2, 1, [], [], 0.324
69:1, 59104:1, 2, 0, [], [], 0.324
69:1, 60342:1, 2, 9, [], [], 0.325
69:1, 78460:3, 2, 1, [], [], 0.326
69:1, 95904:1, 2, 304, [], [], 0.327
69:1, 98618:1, 2, 127, [], [], 0.328
69:1, 791:0, 2, 2, [], [], 0.328
69:1, 4955:0, 2, 2, [], [], 0.328
69:1, 24343:0, 2, 2, [], [], 0.328
69:1, 37717:0, 2, 2, [], [], 0.328
69:1, 24868:0, 2, 25, [], [], 0.328
69:1, 19502:3, 2, 29, [], [], 0.328
69:1, 3855:2, 2, 1, [], [], 0.329
69:1, 34938:1, 2, 4, [], [], 0.329
69:1, 66679:1, 2, 8, [], [], 0.329
69:1, 16961:0, 2, 39, [], [], 0.330
69:1, 26827:0, 2, 25, [], [], 0.330
69:1, 55402:1, 2, 78, [], [], 0.330
69:1, 71222:1, 2, 78, [], [], 0.330
69:1, 39814:0, 2, 9, [], [], 0.330
69:1, 15320:0, 2, 280, [], [], 0.331
69:1, 86446:4, 2, 42, [], [], 0.331
69:1, 64163:2, 2, 2, [], [], 0.331
69:1, 67515:2, 2, 8, [], [], 0.331
69:1, 44768:0, 2, 34, [], [], 0.331
69:1, 15840:6, 2, 1, [], [], 0.331
69:1, 13062:2, 2, 328, [], [], 0.332
69:1, 56834:4, 2, 3, [], [], 0.332
69:1, 34471:1, 2, 1, [], [], 0.333
69:1, 47530:0, 2, 481, [], [], 0.333
69:1, 76122:0, 2, 481, [], [], 0.333
69:1, 90959:0, 2, 481, [], [], 0.333
69:1, 41969:1, 2, 14, [], [], 0.334
69:1, 86309:0, 2, 9, [], [], 0.334
69:1, 1743:0, 2, 28, [], [], 0.334
69:1, 39529:0, 2, 2, [], [], 0.334
69:1, 28924:2, 2, 8, [], [], 0.334
69:1, 6100:13, 2, 2, [], [], 0.334
69:1, 66026:13, 2, 3, [], [], 0.334
69:1, 87935:0, 2, 301, [], [], 0.335
69:1, 57203:4, 2, 21, [], [], 0.335
69:1, 47530:0, 2, 222, [], [], 0.335
69:1, 76122:0, 2, 222, [], [], 0.335
69:1, 90959:0, 2, 222, [], [], 0.335
69:1, 99193:4, 2, 33, [], [], 0.335
69:1, 16844:6, 2, 1, [], [], 0.335
69:1, 13720:5, 2, 7, [], [], 0.335
69:1, 42207:3, 2, 8, [], [], 0.337
69:1, 41288:1, 2, 2, [], [], 0.337
69:1, 48993:2, 2, 112, [], [], 0.337
69:1, 12369:0, 2, 50, [], [], 0.337
69:1, 3855:2, 2, 4, [], [], 0.337
69:1, 49063:2, 2, 13, [], [], 0.337
69:1, 19502:3, 2, 34, [], [], 0.337
69:1, 77283:1, 2, 11, [], [], 0.337
69:1, 70037:3, 2, 8, [], [], 0.337
69:1, 70721:0, 2, 5, [], [], 0.338
69:1, 21489:0, 3, 2, [], [], 0.220
69:1, 54658:2, 3, 135, [], [], 0.232
69:1, 52588:1, 3, 9, [], [], 0.237
69:1, 4184:1, 3, 30, [], [], 0.246
69:1, 12334:1, 3, 30, [], [], 0.246
69:1, 64533:1, 3, 30, [], [], 0.246
69:1, 53708:2, 3, 30, [], [], 0.248
69:1, 21489:0, 3, 5, [], [], 0.248
69:1, 49588:1, 3, 6, [], [], 0.249
69:1, 65781:0, 3, 5, [], [], 0.251
69:1, 27295:1, 3, 1, [], [], 0.252
69:1, 72910:4, 3, 84, [], [], 0.255
69:1, 23788:0, 3, 125, [], [], 0.256
69:1, 54658:2, 3, 136, [], [], 0.257
69:1, 30601:12, 3, 43, [], [], 0.260
69:1, 5110:0, 3, 15, [], [], 0.260
69:1, 70171:2, 3, 10, [], [], 0.262
69:1, 75828:4, 3, 16, [], [], 0.264
69:1, 24722:0, 3, 199, [], [], 0.265
69:1, 75629:0, 3, 194, [], [], 0.268
69:1, 84166:3, 3, 35, [], [], 0.269
69:1, 2494:2, 3, 17, [], [], 0.271
69:1, 56409:2, 3, 17, [], [], 0.271
69:1, 71367:2, 3, 17, [], [], 0.271
69:1, 87761:2, 3, 14, [], [], 0.271
69:1, 71912:0, 3, 38, [], [], 0.271
69:1, 23857:1, 3, 66, [], [], 0.272
69:1, 65747:1, 3, 8, [], [], 0.273
69:1, 51129:2, 3, 8, [], [], 0.273
69:1, 47800:2, 3, 48, [], [], 0.275
69:1, 48921:1, 3, 5, [], [], 0.275
69:1, 53708:2, 3, 20, [], [], 0.276
69:1, 75629:0, 3, 317, [], [], 0.276
69:1, 65747:1, 3, 4, [], [], 0.276
69:1, 5875:0, 3, 2, [], [], 0.276
69:1, 35435:4, 3, 5, [], [], 0.277
69:1, 54658:2, 3, 145, [], [], 0.277
69:1, 54658:2, 3, 129, [], [], 0.277
69:1, 65747:1, 3, 5, [], [], 0.277
69:1, 75629:0, 3, 209, [], [], 0.278
69:1, 2313:9, 3, 60, [], [], 0.278
69:1, 47646:4, 3, 163, [], [], 0.278
69:1, 49957:9, 3, 45, [], [], 0.278
69:1, 57381:4, 3, 15, [], [], 0.278
69:1, 79364:9, 3, 58, [], [], 0.278
69:1, 99061:3, 3, 9, [], [], 0.278
69:1, 48736:1, 3, 2, [], [], 0.279
69:1, 62681:0, 3, 36, [], [], 0.279
69:1, 24685:0, 3, 1, [], [], 0.279
69:1, 75629:0, 3, 308, [], [], 0.279
69:1, 16394:4, 3, 85, [], [], 0.279
69:1, 43271:4, 3, 78, [], [], 0.279
69:1, 51474:4, 3, 86, [], [], 0.279
69:1, 69349:4, 3, 86, [], [], 0.279
69:1, 61734:0, 3, 6, [], [], 0.280
69:1, 21489:0, 3, 7, [], [], 0.280
69:1, 68166:2, 3, 16, [], [], 0.281
69:1, 67011:2, 3, 205, [], [], 0.281
69:1, 18142:3, 3, 4, [], [], 0.281
69:1, 54658:2, 3, 149, [], [], 0.281
69:1, 75629:0, 3, 311, [], [], 0.281
69:1, 65747:1, 3, 7, [], [], 0.281
69:1, 65763:4, 3, 210, [], [], 0.282
69:1, 94728:1, 3, 15, [], [], 0.282
69:1, 69250:0, 3, 47, [], [], 0.282
69:1, 24935:1, 3, 12, [], [], 0.282
69:1, 95237:3, 3, 11, [], [], 0.282
69:1, 21489:0, 3, 3, [], [], 0.282
69:1, 50171:4, 3, 10, [], [], 0.283
69:1, 53708:2, 3, 14, [], [], 0.283
69:1, 27854:0, 3, 15, [], [], 0.284
69:1, 24722:0, 3, 48, [], [], 0.284
69:1, 23236:5, 3, 41, [], [], 0.284
69:1, 26734:0, 3, 2, [], [], 0.284
69:1, 62659:3, 3, 0, [], [], 0.284
69:1, 16394:4, 3, 17, [], [], 0.284
69:1, 51474:4, 3, 17, [], [], 0.284
69:1, 69349:4, 3, 17, [], [], 0.284
69:1, 50561:0, 3, 7, [], [], 0.284
69:1, 25290:1, 3, 7, [], [], 0.285
69:1, 89997:0, 3, 31, [], [], 0.285
69:1, 36435:1, 3, 0, [], [], 0.285
69:1, 34483:0, 3, 37, [], [], 0.285
69:1, 49588:1, 3, 42, [], [], 0.286
69:1, 81633:2, 3, 42, [], [], 0.286
69:1, 67195:0, 3, 6, [], [], 0.286
69:1, 95710:0, 3, 6, [], [], 0.286
69:1, 71112:9, 3, 10, [], [], 0.286
69:1, 24935:1, 3, 22, [], [], 0.286
69:1, 53708:2, 3, 23, [], [], 0.286
69:1, 80367:0, 3, 2, [], [], 0.286
69:1, 50561:0, 3, 9, [], [], 0.287
69:1, 28644:1, 3, 1, [], [], 0.287
69:1, 38159:2, 3, 7, [], [], 0.287
69:1, 95962:2, 3, 33, [], [], 0.287
69:1, 21738:2, 3, 12, [], [], 0.287
69:1, 34094:4, 3, 28, [], [], 0.287
69:1, 77662:0, 3, 572, [], [], 0.287
69:1, 13614:1, 3, 3, [], [], 0.288
69:1, 16463:1, 3, 32, [], [], 0.288
69:1, 75864:1, 4, 187, [], [], 0.388
69:1, 61224:1, 4, 12, [], [], 0.388
69:1, 89902:5, 4, 26, [], [], 0.395
69:1, 7115:2, 4, 1113, [], [], 0.397
69:1, 47438:0, 4, 201, [], [], 0.398
69:1, 32519:1, 4, 5, [], [], 0.404
69:1, 9021:3, 4, 36, [], [], 0.406
69:1, 26511:1, 4, 650, [], [], 0.410
69:1, 23877:0, 4, 22, [], [], 0.413
69:1, 82971:1, 4, 13, [], [], 0.415
69:1, 97335:3, 4, 19, [], [], 0.416
69:1, 28347:0, 4, 13, [], [], 0.417
69:1, 72414:3, 4, 27, [], [], 0.417
69:1, 89:0, 4, 9, [], [], 0.419
69:1, 47640:1, 4, 10, [], [], 0.419
69:1, 21858:4, 4, 25, [], [], 0.424
69:1, 61227:0, 4, 42, [], [], 0.429
69:1, 67045:0, 4, 43, [], [], 0.429
69:1, 87446:0, 4, 45, [], [], 0.429
69:1, 15477:0, 4, 5, [], [], 0.429
69:1, 54067:1, 4, 6, [], [], 0.431
69:1, 83556:1, 4, 6, [], [], 0.431
69:1, 86349:4, 4, 2, [], [], 0.435
69:1, 65088:0, 4, 6, [], [], 0.435
69:1, 7943:2, 4, 47, [], [], 0.437
69:1, 25656:0, 4, 102, [], [], 0.437
69:1, 63120:0, 4, 8, [], [], 0.438
69:1, 7068:1, 4, 17, [], [], 0.439
69:1, 41304:0, 4, 119, [], [], 0.441
69:1, 45199:0, 4, 118, [], [], 0.441
69:1, 7068:1, 4, 11, [], [], 0.441
69:1, 39061:3, 4, 40, [], [], 0.441
69:1, 95807:4, 4, 32, [], [], 0.442
69:1, 41449:3, 4, 24, [], [], 0.442
69:1, 25329:1, 4, 0, [], [], 0.443
69:1, 26620:1, 4, 18, [], [], 0.443
69:1, 56509:1, 4, 3, [], [], 0.443
69:1, 67552:5, 4, 172, [], [], 0.445
69:1, 33312:8, 4, 155, [], [], 0.445
69:1, 12069:1, 4, 68, [], [], 0.446
69:1, 3740:2, 4, 104, [], [], 0.446
69:1, 87777:1, 4, 8, [], [], 0.446
69:1, 46872:1, 4, 19, [], [], 0.447
69:1, 61863:1, 4, 22, [], [], 0.447
69:1, 89:0, 4, 8, [], [], 0.447
69:1, 62812:0, 4, 1, [], [], 0.447
69:1, 6720:6, 4, 2, [], [], 0.447
69:1, 96730:1, 4, 6, [], [], 0.447
69:1, 3944:4, 4, 65, [], [], 0.448
69:1, 61704:0, 4, 21, [], [], 0.449
69:1, 47125:0, 4, 166, [], [], 0.449
69:1, 40324:2, 4, 46, [], [], 0.449
69:1, 44457:0, 4, 56, [], [], 0.449
69:1, 19796:0, 4, 17, [], [], 0.450
69:1, 65088:0, 4, 5, [], [], 0.450
69:1, 19796:0, 4, 16, [], [], 0.450
69:1, 27758:2, 4, 2, [], [], 0.451
69:1, 20196:1, 4, 8, [], [], 0.452
69:1, 91701:1, 4, 8, [], [], 0.452
69:1, 14176:4, 4, 3, [], [], 0.452
69:1, 17562:0, 4, 13, [], [], 0.452
69:1, 97342:0, 4, 16, [], [], 0.453
69:1, 31423:4, 4, 446, [], [], 0.453
69:1, 84908:1, 4, 37, [], [], 0.453
69:1, 5100:0, 4, 7, [], [], 0.453
69:1, 30756:4, 4, 32, [], [], 0.453
69:1, 62489:2, 4, 186, [], [], 0.453
69:1, 52800:22, 4, 35, [], [], 0.453
69:1, 35137:1, 4, 285, [], [], 0.454
69:1, 12069:1, 4, 60, [], [], 0.454
69:1, 25246:3, 4, 4, [], [], 0.455
69:1, 76185:5, 4, 101, [], [], 0.455
69:1, 66962:2, 4, 33, [], [], 0.456
69:1, 66962:2, 4, 81, [], [], 0.456
69:1, 51255:4, 4, 5, [], [], 0.456
69:1, 24722:3, 4, 140, [], [], 0.456
69:1, 27132:3, 4, 6, [], [], 0.456
69:1, 35043:3, 4, 1, [], [], 0.456
69:1, 54368:3, 4, 5, [], [], 0.456
69:1, 66307:3, 4, 5, [], [], 0.456
69:1, 21484:1, 4, 11, [], [], 0.456
69:1, 85667:1, 4, 3, [], [], 0.456
69:1, 51473:0, 4, 1, [], [], 0.456
69:1, 25246:3, 4, 2, [], [], 0.457
69:1, 75175:2, 4, 78, [], [], 0.457
69:1, 35489:2, 4, 68, [], [], 0.457
69:1, 17861:2, 4, 5, [], [], 0.457
69:1, 77829:5, 4, 27, [], [], 0.458
69:1, 75567:2, 4, 4, [], [], 0.458
69:1, 78350:0, 4, 28, [], [], 0.458
69:1, 73274:0, 4, 29, [], [], 0.458
69:1, 17843:1, 4, 2, [], [], 0.459
69:1, 89207:1, 4, 2, [], [], 0.459
69:1, 34710:1, 4, 922, [], [], 0.460
69:1, 22387:1, 4, 1, [], [], 0.460
69:1, 2551:0, 4, 5, [], [], 0.461
69:1, 1329:0, 4, 7, [], [], 0.461
69:1, 7068:1, 4, 42, [], [], 0.462
69:1, 42971:0, 4, 56, [], [], 0.462
69:1, 71157:0, 4, 131, [], [], 0.462
69:1, 68001:0, 5, 12, [], [], 0.351
69:1, 47891:0, 5, 10, [], [], 0.354
69:1, 30217:2, 5, 3, [], [], 0.367
69:1, 87015:2, 5, 105, [], [], 0.373
69:1, 5889:3, 5, 48, [], [], 0.376
69:1, 85666:0, 5, 11, [], [], 0.378
69:1, 83709:0, 5, 2, [], [], 0.379
69:1, 43526:0, 5, 6, [], [], 0.382
69:1, 19924:0, 5, 32, [], [], 0.385
69:1, 76059:4, 5, 21, [], [], 0.385
69:1, 37714:5, 5, 143, [], [], 0.386
69:1, 72910:4, 5, 64, [], [], 0.387
69:1, 6:3, 5, 38, [], [], 0.387
69:1, 78375:0, 5, 42, [], [], 0.389
69:1, 85308:9, 5, 88, [], [], 0.389
69:1, 7176:0, 5, 1, [], [], 0.390
69:1, 85666:0, 5, 10, [], [], 0.393
69:1, 61734:0, 5, 6, [], [], 0.393
69:1, 77407:0, 5, 26, [], [], 0.393
69:1, 46132:1, 5, 51, [], [], 0.394
69:1, 10705:6, 5, 3, [], [], 0.395
69:1, 88101:4, 5, 18, [], [], 0.398
69:1, 33745:0, 5, 68, [], [], 0.402
69:1, 53277:0, 5, 5, [], [], 0.403
69:1, 47705:4, 5, 716, [], [], 0.404
69:1, 28400:2, 5, 17, [], [], 0.405
69:1, 85519:0, 5, 70, [], [], 0.405
69:1, 23533:1, 5, 13, [], [], 0.410
69:1, 77662:1, 5, 617, [], [], 0.410
69:1, 19192:2, 5, 40, [], [], 0.410
69:1, 50327:3, 5, 5, [], [], 0.412
69:1, 46535:0, 5, 260, [], [], 0.413
69:1, 72142:0, 5, 14, [], [], 0.414
69:1, 75590:2, 5, 1, [], [], 0.414
69:1, 70762:4, 5, 4, [], [], 0.414
69:1, 30217:2, 5, 187, [], [], 0.415
69:1, 40234:1, 5, 43, [], [], 0.416
69:1, 10508:3, 5, 5, [], [], 0.416
69:1, 78604:3, 5, 21, [], [], 0.417
69:1, 63875:2, 5, 5, [], [], 0.417
69:1, 49034:0, 5, 15, [], [], 0.417
69:1, 37681:2, 5, 12, [], [], 0.418
69:1, 68199:4, 5, 31, [], [], 0.419
69:1, 35992:1, 5, 5, [], [], 0.419
69:1, 54795:6, 5, 3, [], [], 0.421
69:1, 54658:2, 5, 349, [], [], 0.421
69:1, 28344:1, 5, 2, [], [], 0.421
69:1, 34170:2, 5, 27, [], [], 0.421
69:1, 30465:1, 5, 84, [], [], 0.421
69:1, 72142:0, 5, 16, [], [], 0.422
69:1, 58392:4, 5, 9, [], [], 0.422
69:1, 19593:1, 5, 6, [], [], 0.423
69:1, 61840:1, 5, 9, [], [], 0.423
69:1, 93458:1, 5, 8, [], [], 0.423
69:1, 77072:0, 5, 0, [], [], 0.423
69:1, 42794:2, 5, 4, [], [], 0.424
69:1, 97717:2, 5, 5, [], [], 0.424
69:1, 91087:2, 5, 186, [], [], 0.424
69:1, 14617:0, 5, 61, [], [], 0.425
69:1, 95962:2, 5, 6, [], [], 0.425
69:1, 52364:2, 5, 2, [], [], 0.426
69:1, 89696:2, 5, 2, [], [], 0.426
69:1, 78375:0, 5, 60, [], [], 0.426
69:1, 55606:4, 5, 91, [], [], 0.426
69:1, 60445:2, 5, 7, [], [], 0.426
69:1, 89997:0, 5, 31, [], [], 0.426
69:1, 72142:0, 5, 17, [], [], 0.427
69:1, 89505:5, 5, 31, [], [], 0.427
69:1, 50338:1, 5, 2, [], [], 0.427
69:1, 53008:1, 5, 2, [], [], 0.427
69:1, 55694:1, 5, 2, [], [], 0.427
69:1, 71507:1, 5, 2, [], [], 0.427
69:1, 76451:1, 5, 2, [], [], 0.427
69:1, 86318:1, 5, 2, [], [], 0.427
69:1, 98044:1, 5, 2, [], [], 0.427
69:1, 64631:0, 5, 0, [], [], 0.428
69:1, 58441:0, 5, 33, [], [], 0.428
69:1, 99229:0, 5, 40, [], [], 0.428
69:1, 18565:3, 5, 4, [], [], 0.428
69:1, 73271:2, 5, 2, [], [], 0.428
69:1, 2756:6, 5, 11, [], [], 0.428
69:1, 2958:6, 5, 11, [], [], 0.428
69:1, 3214:6, 5, 11, [], [], 0.428
69:1, 7096:6, 5, 11, [], [], 0.428
69:1, 7880:6, 5, 11, [], [], 0.428
69:1, 8836:6, 5, 11, [], [], 0.428
69:1, 14309:6, 5, 11, [], [], 0.428
69:1, 16584:6, 5, 11, [], [], 0.428
69:1, 17142:6, 5, 11, [], [], 0.428
69:1, 20182:6, 5, 11, [], [], 0.428
69:1, 33128:6, 5, 11, [], [], 0.428
69:1, 38450:6, 5, 11, [], [], 0.428
69:1, 41806:6, 5, 11, [], [], 0.428
69:1, 43110:6, 5, 11, [], [], 0.428
69:1, 45117:6, 5, 11, [], [], 0.428
69:1, 47206:6, 5, 11, [], [], 0.428
69:1, 47718:6, 5, 11, [], [], 0.428
69:1, 48340:6, 5, 11, [], [], 0.428
69:1, 51337:6, 5, 11, [], [], 0.428
69:1, 52482:6, 5, 11, [], [], 0.428
69:1, 52175:0, 6, 34, [], [], 0.213
69:1, 19480:4, 6, 33, [], [], 0.235
69:1, 33037:0, 6, 3, [], [], 0.236
69:1, 73195:8, 6, 156, [], [], 0.237
69:1, 1121:4, 6, 108, [], [], 0.238
69:1, 72978:4, 6, 9, [], [], 0.241
69:1, 37635:0, 6, 34, [], [], 0.249
69:1, 46700:1, 6, 3, [], [], 0.249
69:1, 98522:0, 6, 5, [], [], 0.249
69:1, 82731:1, 6, 4, [], [], 0.249
69:1, 30937:3, 6, 7, [], [], 0.249
69:1, 73195:8, 6, 147, [], [], 0.250
69:1, 59701:1, 6, 3, [], [], 0.251
69:1, 8868:0, 6, 10, [], [], 0.253
69:1, 62980:1, 6, 1, [], [], 0.253
69:1, 25182:1, 6, 5, [], [], 0.254
69:1, 58648:1, 6, 147, [], [], 0.254
69:1, 73195:8, 6, 152, [], [], 0.255
69:1, 99154:5, 6, 10, [], [], 0.256
69:1, 25182:1, 6, 2, [], [], 0.256
69:1, 46856:1, 6, 4, [], [], 0.256
69:1, 48537:2, 6, 38, [], [], 0.257
69:1, 21985:2, 6, 12, [], [], 0.258
69:1, 46700:1, 6, 6, [], [], 0.258
69:1, 60687:2, 6, 3, [], [], 0.259
69:1, 23752:1, 6, 15, [], [], 0.259
69:1, 268:1, 6, 0, [], [], 0.260
69:1, 46982:0, 6, 85, [], [], 0.260
69:1, 93135:1, 6, 3, [], [], 0.261
69:1, 19655:1, 6, 2, [], [], 0.261
69:1, 62980:1, 6, 0, [], [], 0.261
69:1, 1392:0, 6, 14, [], [], 0.261
69:1, 42793:0, 6, 9, [], [], 0.262
69:1, 99210:2, 6, 4, [], [], 0.262
69:1, 20345:2, 6, 0, [], [], 0.262
69:1, 62980:1, 6, 2, [], [], 0.262
69:1, 9610:1, 6, 14, [], [], 0.262
69:1, 91634:1, 6, 52, [], [], 0.263
69:1, 41281:4, 6, 10, [], [], 0.263
69:1, 41344:0, 6, 15, [], [], 0.263
69:1, 68909:1, 6, 109, [], [], 0.264
69:1, 659:1, 6, 8, [], [], 0.264
69:1, 46700:1, 6, 4, [], [], 0.265
69:1, 50344:1, 6, 2, [], [], 0.265
69:1, 37348:1, 6, 2, [], [], 0.265
69:1, 62980:1, 6, 4, [], [], 0.265
69:1, 85555:1, 6, 6, [], [], 0.265
69:1, 91634:1, 6, 273, [], [], 0.265
69:1, 33235:2, 6, 3, [], [], 0.266
69:1, 46856:1, 6, 2, [], [], 0.267
69:1, 77205:1, 6, 6, [], [], 0.267
69:1, 46856:1, 6, 1, [], [], 0.267
69:1, 48537:2, 6, 37, [], [], 0.267
69:1, 38159:1, 6, 6, [], [], 0.267
69:1, 18221:1, 6, 50, [], [], 0.267
69:1, 86281:1, 6, 6, [], [], 0.268
69:1, 23427:0, 6, 12, [], [], 0.268
69:1, 93340:1, 6, 8, [], [], 0.268
69:1, 70174:0, 6, 373, [], [], 0.268
69:1, 16651:3, 6, 33, [], [], 0.269
69:1, 52175:4, 6, 55, [], [], 0.269
69:1, 75670:2, 6, 2, [], [], 0.269
69:1, 92293:4, 6, 15, [], [], 0.270
69:1, 83024:1, 6, 32, [], [], 0.270
69:1, 86281:1, 6, 4, [], [], 0.270
69:1, 77205:1, 6, 1, [], [], 0.270
69:1, 38159:1, 6, 4, [], [], 0.271
69:1, 25708:0, 6, 146, [], [], 0.271
69:1, 57729:1, 6, 3, [], [], 0.272
69:1, 57729:1, 6, 6, [], [], 0.272
69:1, 69035:1, 6, 1, [], [], 0.272
69:1, 62432:1, 6, 2, [], [], 0.272
69:1, 23833:0, 6, 8, [], [], 0.273
69:1, 54405:1, 6, 2, [], [], 0.273
69:1, 1879:0, 6, 1, [], [], 0.273
69:1, 96937:1, 6, 1, [], [], 0.273
69:1, 57993:4, 6, 84, [], [], 0.273
69:1, 77205:1, 6, 2, [], [], 0.273
69:1, 88754:0, 6, 22, [], [], 0.274
69:1, 27561:15, 6, 20, [], [], 0.274
69:1, 46187:15, 6, 20, [], [], 0.274
69:1, 59809:0, 6, 3, [], [], 0.274
69:1, 46700:1, 6, 0, [], [], 0.274
69:1, 47874:4, 6, 75, [], [], 0.274
69:1, 99842:2, 6, 101, [], [], 0.275
69:1, 90077:1, 6, 2, [], [], 0.275
69:1, 6154:4, 6, 68, [], [], 0.275
69:1, 37476:4, 6, 12, [], [], 0.275
69:1, 43863:1, 6, 3, [], [], 0.276
69:1, 86281:1, 6, 2, [], [], 0.276
69:1, 60803:1, 6, 15, [], [], 0.276
69:1, 38159:1, 6, 0, [], [], 0.276
69:1, 268:1, 6, 3, [], [], 0.276
69:1, 68905:4, 6, 152, [], [], 0.276
69:1, 60110:4, 6, 32, [], [], 0.276
69:1, 268:1, 6, 6, [], [], 0.276
69:1, 41200:0, 6, 169, [], [], 0.276
69:1, 76962:1, 6, 2, [], [], 0.276
69:1, 13454:4, 6, 24, [], [], 0.277
69:1, 72978:4, 6, 10, [], [], 0.277
69:1, 68170:0, 7, 4, [], [], 0.557
69:1, 50010:2, 7, 5, [], [], 0.599
69:1, 71328:0, 7, 23, [], [], 0.610
69:1, 71328:0, 7, 47, [], [], 0.620
69:1, 63613:3, 7, 2, [], [], 0.631
69:1, 93909:0, 7, 57, [], [], 0.632
69:1, 9995:14, 7, 0, [], [], 0.639
69:1, 9944:2, 7, 15, [], [], 0.640
69:1, 93458:2, 7, 15, [], [], 0.641
69:1, 40672:1, 7, 13, [], [], 0.642
69:1, 68170:0, 7, 14, [], [], 0.642
69:1, 12571:1, 7, 107, [], [], 0.648
69:1, 35486:0, 7, 256, [], [], 0.648
69:1, 54005:0, 7, 256, [], [], 0.648
69:1, 54634:1, 7, 118, [], [], 0.648
69:1, 66365:0, 7, 396, [], [], 0.648
69:1, 16555:1, 7, 8, [], [], 0.649
69:1, 24698:3, 7, 42, [], [], 0.652
69:1, 18617:8, 7, 413, [], [], 0.652
69:1, 9019:1, 7, 106, [], [], 0.653
69:1, 91804:0, 7, 601, [], [], 0.654
69:1, 97630:0, 7, 548, [], [], 0.654
69:1, 6636:3, 7, 1, [], [], 0.657
69:1, 68223:0, 7, 10, [], [], 0.657
69:1, 32650:1, 7, 45, [], [], 0.658
69:1, 46423:4, 7, 143, [], [], 0.660
69:1, 59856:0, 7, 248, [], [], 0.661
69:1, 24036:0, 7, 120, [], [], 0.662
69:1, 88814:0, 7, 2544, [], [], 0.662
69:1, 71328:0, 7, 46, [], [], 0.662
69:1, 87846:2, 7, 44, [], [], 0.664
69:1, 17533:1, 7, 175, [], [], 0.666
69:1, 56859:0, 7, 4, [], [], 0.666
69:1, 19218:0, 7, 4, [], [], 0.666
69:1, 91804:0, 7, 636, [], [], 0.667
69:1, 97630:0, 7, 580, [], [], 0.667
69:1, 54015:0, 7, 468, [], [], 0.667
69:1, 91112:0, 7, 17, [], [], 0.671
69:1, 79938:0, 7, 2, [], [], 0.671
69:1, 79938:2, 7, 1, [], [], 0.671
69:1, 61134:2, 7, 8, [], [], 0.673
69:1, 8328:1, 7, 24, [], [], 0.677
69:1, 75287:1, 7, 24, [], [], 0.677
69:1, 90442:1, 7, 24, [], [], 0.677
69:1, 30129:0, 7, 107, [], [], 0.678
69:1, 88679:2, 7, 201, [], [], 0.678
69:1, 95713:1, 7, 159, [], [], 0.678
69:1, 66608:7, 7, 3, [], [], 0.679
69:1, 14047:6, 7, 5, [], [], 0.680
69:1, 25062:2, 7, 2, [], [], 0.680
69:1, 57881:2, 7, 0, [], [], 0.680
69:1, 12403:1, 7, 51, [], [], 0.680
69:1, 73587:3, 7, 577, [], [], 0.681
69:1, 63714:4, 7, 400, [], [], 0.682
69:1, 63534:0, 7, 173, [], [], 0.682
69:1, 76406:4, 7, 9, [], [], 0.682
69:1, 94173:4, 7, 7, [], [], 0.682
69:1, 43033:0, 7, 14, [], [], 0.682
69:1, 68170:0, 7, 9, [], [], 0.683
69:1, 71328:0, 7, 29, [], [], 0.683
69:1, 1554:1, 7, 11, [], [], 0.684
69:1, 69774:0, 7, 78, [], [], 0.684
69:1, 90142:0, 7, 7, [], [], 0.685
69:1, 61792:1, 7, 23, [], [], 0.685
69:1, 24145:0, 7, 15, [], [], 0.686
69:1, 24716:6, 7, 43, [], [], 0.686
69:1, 38052:0, 7, 12, [], [], 0.687
69:1, 5137:2, 7, 3, [], [], 0.688
69:1, 92363:1, 7, 61, [], [], 0.689
69:1, 27132:0, 7, 16, [], [], 0.689
69:1, 14232:0, 7, 3, [], [], 0.690
69:1, 77231:6, 7, 2, [], [], 0.690
69:1, 79132:2, 7, 23, [], [], 0.690
69:1, 61268:2, 7, 98, [], [], 0.690
69:1, 71328:0, 7, 39, [], [], 0.691
69:1, 33034:1, 7, 9, [], [], 0.691
69:1, 36463:0, 7, 201, [], [], 0.691
69:1, 91192:2, 7, 62, [], [], 0.691
69:1, 11365:6, 7, 2, [], [], 0.692
69:1, 4960:2, 7, 14, [], [], 0.692
69:1, 36889:2, 7, 9, [], [], 0.692
69:1, 12592:3, 7, 3, [], [], 0.692
69:1, 29132:0, 7, 112, [], [], 0.692
69:1, 76428:1, 7, 37, [], [], 0.693
69:1, 16223:1, 7, 14, [], [], 0.694
69:1, 20910:8, 7, 54, [], [], 0.694
69:1, 10048:0, 7, 1, [], [], 0.694
69:1, 36207:2, 7, 14, [], [], 0.695
69:1, 77476:1, 7, 22, [], [], 0.696
69:1, 91804:0, 7, 378, [], [], 0.696
69:1, 97630:0, 7, 337, [], [], 0.696
69:1, 7115:1, 7, 1407, [], [], 0.698
69:1, 78029:2, 7, 19, [], [], 0.698
69:1, 93080:0, 7, 2, [], [], 0.698
69:1, 68711:5, 7, 46, [], [], 0.699
69:1, 3640:0, 7, 146, [], [], 0.699
69:1, 16346:0, 7, 133, [], [], 0.699
69:1, 78078:8, 7, 9, [], [], 0.699
69:1, 72343:3, 7, 15, [], [], 0.700
69:1, 97916:6, 7, 222, [], [], 0.700
69:1, 71777:0, 8, 31, [], [], 0.325
69:1, 4656:1, 8, 19, [], [], 0.331
69:1, 98929:0, 8, 6, [], [], 0.341
69:1, 29325:4, 8, 12, [], [], 0.343
69:1, 9717:1, 8, 7, [], [], 0.347
69:1, 8748:1, 8, 6, [], [], 0.348
69:1, 15599:1, 8, 6, [], [], 0.348
69:1, 77208:1, 8, 6, [], [], 0.348
69:1, 96331:1, 8, 6, [], [], 0.348
69:1, 54499:3, 8, 0, [], [], 0.352
69:1, 2333:1, 8, 4, [], [], 0.355
69:1, 7735:1, 8, 38, [], [], 0.355
69:1, 16073:2, 8, 1, [], [], 0.355
69:1, 16622:2, 8, 312, [], [], 0.355
69:1, 49487:2, 8, 52, [], [], 0.355
69:1, 54368:2, 8, 12, [], [], 0.355
69:1, 61277:2, 8, 1, [], [], 0.355
69:1, 89237:1, 8, 7, [], [], 0.355
69:1, 97804:1, 8, 103, [], [], 0.355
69:1, 30730:3, 8, 4, [], [], 0.359
69:1, 31946:2, 8, 76, [], [], 0.360
69:1, 75686:2, 8, 24, [], [], 0.360
69:1, 99223:2, 8, 76, [], [], 0.360
69:1, 8566:1, 8, 3, [], [], 0.366
69:1, 98929:0, 8, 5, [], [], 0.369
69:1, 75889:0, 8, 284, [], [], 0.369
69:1, 34151:4, 8, 3, [], [], 0.370
69:1, 83059:4, 8, 184, [], [], 0.371
69:1, 90830:3, 8, 29, [], [], 0.373
69:1, 23752:1, 8, 15, [], [], 0.376
69:1, 50811:1, 8, 106, [], [], 0.376
69:1, 55402:1, 8, 16, [], [], 0.378
69:1, 71222:1, 8, 16, [], [], 0.378
69:1, 4971:0, 8, 18, [], [], 0.378
69:1, 44185:1, 8, 5, [], [], 0.379
69:1, 75336:0, 8, 2, [], [], 0.380
69:1, 53849:4, 8, 28, [], [], 0.380
69:1, 90528:0, 8, 1, [], [], 0.380
69:1, 16953:0, 8, 18, [], [], 0.381
69:1, 36007:2, 8, 786, [], [], 0.382
69:1, 10996:3, 8, 5, [], [], 0.382
69:1, 93869:0, 8, 2, [], [], 0.383
69:1, 32051:0, 8, 274, [], [], 0.383
69:1, 99210:0, 8, 4, [], [], 0.383
69:1, 20880:2, 8, 47, [], [], 0.384
69:1, 77211:0, 8, 134, [], [], 0.384
69:1, 95598:2, 8, 129, [], [], 0.384
69:1, 16345:1, 8, 9, [], [], 0.384
69:1, 8835:1, 8, 8, [], [], 0.385
69:1, 56445:0, 8, 36, [], [], 0.385
69:1, 83938:1, 8, 0, [], [], 0.385
69:1, 1986:3, 8, 27, [], [], 0.385
69:1, 68909:1, 8, 79, [], [], 0.386
69:1, 6707:3, 8, 11, [], [], 0.387
69:1, 76176:1, 8, 15, [], [], 0.387
69:1, 37786:1, 8, 8, [], [], 0.388
69:1, 26237:2, 8, 8, [], [], 0.389
69:1, 33409:1, 8, 2, [], [], 0.390
69:1, 87935:2, 8, 8, [], [], 0.390
69:1, 5086:0, 8, 0, [], [], 0.390
69:1, 56037:2, 8, 23, [], [], 0.390
69:1, 2395:3, 8, 2, [], [], 0.391
69:1, 8035:3, 8, 2, [], [], 0.391
69:1, 26324:3, 8, 2, [], [], 0.391
69:1, 33960:3, 8, 2, [], [], 0.391
69:1, 71373:3, 8, 2, [], [], 0.391
69:1, 88720:3, 8, 2, [], [], 0.391
69:1, 16953:0, 8, 11, [], [], 0.392
69:1, 43057:4, 8, 50, [], [], 0.392
69:1, 98892:4, 8, 2, [], [], 0.393
69:1, 80258:1, 8, 130, [], [], 0.393
69:1, 25916:4, 8, 5, [], [], 0.393
69:1, 19350:4, 8, 113, [], [], 0.393
69:1, 94640:1, 8, 11, [], [], 0.393
69:1, 77211:0, 8, 133, [], [], 0.394
69:1, 81259:0, 8, 0, [], [], 0.394
69:1, 1986:3, 8, 0, [], [], 0.394
69:1, 43501:2, 8, 79, [], [], 0.395
69:1, 68905:4, 8, 447, [], [], 0.395
69:1, 1986:3, 8, 7, [], [], 0.395
69:1, 68370:4, 8, 3, [], [], 0.397
69:1, 88349:0, 8, 15, [], [], 0.397
69:1, 84396:2, 8, 9, [], [], 0.397
69:1, 71494:2, 8, 8, [], [], 0.397
69:1, 9697:0, 8, 6, [], [], 0.397
69:1, 46676:1, 8, 169, [], [], 0.397
69:1, 14123:3, 8, 7, [], [], 0.398
69:1, 34659:4, 8, 38, [], [], 0.398
69:1, 68472:1, 8, 8, [], [], 0.398
69:1, 54670:1, 8, 18, [], [], 0.398
69:1, 87935:0, 8, 474, [], [], 0.398
69:1, 1720:3, 8, 1, [], [], 0.399
69:1, 81188:0, 8, 18, [], [], 0.399
69:1, 67182:4, 8, 74, [], [], 0.399
69:1, 17385:4, 8, 26, [], [], 0.399
69:1, 91302:1, 8, 2, [], [], 0.399
69:1, 63597:1, 8, 72, [], [], 0.400
69:1, 12498:1, 8, 49, [], [], 0.400
69:1, 78421:4, 8, 6, [], [], 0.400
69:1, 51294:0, 8, 0, [], [], 0.400
69:1, 71029:2, 9, 9, [], [], 0.111
69:1, 37635:0, 9, 302, [], [], 0.112
69:1, 13159:1, 9, 4, [], [], 0.113
69:1, 1315:3, 9, 48, [], [], 0.115
69:1, 63389:1, 9, 12, [], [], 0.117
69:1, 66342:1, 9, 12, [], [], 0.117
69:1, 69809:4, 9, 1, [], [], 0.118
69:1, 4237:2, 9, 0, [], [], 0.120
69:1, 7616:1, 9, 4, [], [], 0.120
69:1, 17585:1, 9, 4, [], [], 0.120
69:1, 60980:1, 9, 4, [], [], 0.120
69:1, 94617:0, 9, 15, [], [], 0.120
69:1, 59099:2, 9, 2, [], [], 0.121
69:1, 71566:1, 9, 10, [], [], 0.121
69:1, 90480:1, 9, 3, [], [], 0.122
69:1, 77918:1, 9, 9, [], [], 0.122
69:1, 48225:1, 9, 1, [], [], 0.122
69:1, 53870:1, 9, 4, [], [], 0.122
69:1, 89454:2, 9, 6, [], [], 0.123
69:1, 93006:0, 9, 61, [], [], 0.123
69:1, 73533:1, 9, 0, [], [], 0.123
69:1, 43363:0, 9, 748, [], [], 0.124
69:1, 24868:0, 9, 15, [], [], 0.124
69:1, 63544:1, 9, 10, [], [], 0.124
69:1, 14624:2, 9, 5, [], [], 0.124
69:1, 74928:5, 9, 149, [], [], 0.124
69:1, 1315:3, 9, 21, [], [], 0.125
69:1, 7786:0, 9, 4, [], [], 0.125
69:1, 24234:0, 9, 4, [], [], 0.125
69:1, 27725:0, 9, 4, [], [], 0.125
69:1, 35439:0, 9, 4, [], [], 0.125
69:1, 36644:0, 9, 4, [], [], 0.125
69:1, 43986:0, 9, 4, [], [], 0.125
69:1, 45533:0, 9, 4, [], [], 0.125
69:1, 50664:0, 9, 4, [], [], 0.125
69:1, 53820:0, 9, 4, [], [], 0.125
69:1, 71289:0, 9, 4, [], [], 0.125
69:1, 73524:0, 9, 4, [], [], 0.125
69:1, 75082:0, 9, 4, [], [], 0.125
69:1, 75677:0, 9, 4, [], [], 0.125
69:1, 81224:0, 9, 4, [], [], 0.125
69:1, 89328:0, 9, 4, [], [], 0.125
69:1, 92022:0, 9, 4, [], [], 0.125
69:1, 95287:0, 9, 4, [], [], 0.125
69:1, 96189:0, 9, 4, [], [], 0.125
69:1, 78756:2, 9, 4, [], [], 0.125
69:1, 5706:0, 9, 2, [], [], 0.125
69:1, 1315:3, 9, 2, [], [], 0.125
69:1, 11898:2, 9, 3, [], [], 0.125
69:1, 13325:1, 9, 204, [], [], 0.125
69:1, 61691:1, 9, 0, [], [], 0.126
69:1, 39295:1, 9, 4, [], [], 0.126
69:1, 31825:2, 9, 4, [], [], 0.126
69:1, 93414:1, 9, 2, [], [], 0.127
69:1, 9958:1, 9, 3, [], [], 0.127
69:1, 23679:1, 9, 3, [], [], 0.127
69:1, 64545:1, 9, 3, [], [], 0.127
69:1, 1315:3, 9, 57, [], [], 0.128
69:1, 1315:3, 9, 30, [], [], 0.128
69:1, 28271:1, 9, 10, [], [], 0.128
69:1, 54985:3, 9, 3, [], [], 0.130
69:1, 77491:1, 9, 9, [], [], 0.130
69:1, 1315:3, 9, 73, [], [], 0.130
69:1, 43363:0, 9, 894, [], [], 0.130
69:1, 75819:0, 9, 3, [], [], 0.130
69:1, 62702:3, 9, 1, [], [], 0.130
69:1, 22109:1, 9, 3, [], [], 0.131
69:1, 48644:1, 9, 3, [], [], 0.131
69:1, 29826:3, 9, 3, [], [], 0.131
69:1, 28742:3, 9, 1, [], [], 0.131
69:1, 24378:1, 9, 3, [], [], 0.131
69:1, 74652:1, 9, 7, [], [], 0.131
69:1, 67011:2, 9, 7, [], [], 0.132
69:1, 74149:2, 9, 1, [], [], 0.132
69:1, 91954:1, 9, 10, [], [], 0.132
69:1, 13333:1, 9, 12, [], [], 0.132
69:1, 98270:0, 9, 10, [], [], 0.132
69:1, 66814:2, 9, 1, [], [], 0.132
69:1, 89213:1, 9, 4, [], [], 0.132
69:1, 94617:0, 9, 31, [], [], 0.132
69:1, 82288:2, 9, 14, [], [], 0.133
69:1, 91410:1, 9, 9, [], [], 0.133
69:1, 80272:1, 9, 12, [], [], 0.133
69:1, 9136:0, 9, 277, [], [], 0.133
69:1, 6513:2, 9, 2, [], [], 0.133
69:1, 59234:1, 9, 8, [], [], 0.133
69:1, 70291:2, 9, 2, [], [], 0.133
69:1, 27408:0, 9, 7, [], [], 0.134
69:1, 49237:2, 9, 2, [], [], 0.134
69:1, 70106:3, 9, 1, [], [], 0.134
69:1, 33467:2, 9, 34, [], [], 0.134
69:1, 65573:1, 9, 5, [], [], 0.134
69:1, 77329:15, 9, 3, [], [], 0.134
69:1, 35447:0, 9, 41, [], [], 0.134
69:1, 77451:2, 9, 3, [], [], 0.135
69:1, 76452:2, 9, 1, [], [], 0.135
69:1, 85113:1, 9, 1, [], [], 0.135
69:1, 40680:4, 9, 58, [], [], 0.135
69:1, 13104:0, 9, 1, [], [], 0.135
69:1, 23134:1, 9, 11, [], [], 0.135
69:1, 43363:0, 10, 1340, [], [], 0.151
69:1, 3096:2, 10, 2, [], [], 0.153
69:1, 64014:1, 10, 2, [], [], 0.157
69:1, 73383:1, 10, 2, [], [], 0.157
69:1, 17765:14, 10, 20, [], [], 0.159
69:1, 22051:19, 10, 0, [], [], 0.159
69:1, 38639:14, 10, 8, [], [], 0.159
69:1, 49858:14, 10, 13, [], [], 0.159
69:1, 70174:1, 10, 52, [], [], 0.159
69:1, 70174:2, 10, 58, [], [], 0.159
69:1, 70174:3, 10, 61, [], [], 0.159
69:1, 70174:4, 10, 58, [], [], 0.159
69:1, 70174:5, 10, 59, [], [], 0.159
69:1, 71785:16, 10, 11, [], [], 0.159
69:1, 97627:5, 10, 7, [], [], 0.159
69:1, 34094:4, 10, 0, [], [], 0.160
69:1, 7326:1, 10, 9, [], [], 0.162
69:1, 43363:0, 10, 628, [], [], 0.164
69:1, 34202:2, 10, 8, [], [], 0.165
69:1, 45253:1, 10, 0, [], [], 0.165
69:1, 88765:2, 10, 2, [], [], 0.167
69:1, 88708:3, 10, 54, [], [], 0.167
69:1, 68116:2, 10, 0, [], [], 0.168
69:1, 25467:2, 10, 21, [], [], 0.169
69:1, 43363:0, 10, 568, [], [], 0.169
69:1, 1531:2, 10, 4, [], [], 0.169
69:1, 30481:1, 10, 64, [], [], 0.170
69:1, 43363:0, 10, 476, [], [], 0.170
69:1, 3740:3, 10, 116, [], [], 0.170
69:1, 69809:5, 10, 0, [], [], 0.171
69:1, 59809:0, 10, 16, [], [], 0.171
69:1, 91634:1, 10, 221, [], [], 0.172
69:1, 15410:1, 10, 18, [], [], 0.173
69:1, 72318:1, 10, 2, [], [], 0.173
69:1, 43363:0, 10, 818, [], [], 0.173
69:1, 65177:0, 10, 16, [], [], 0.174
69:1, 43363:0, 10, 515, [], [], 0.174
69:1, 35848:0, 10, 105, [], [], 0.175
69:1, 87712:2, 10, 11, [], [], 0.175
69:1, 7693:2, 10, 26, [], [], 0.176
69:1, 43363:0, 10, 1249, [], [], 0.176
69:1, 73934:1, 10, 2, [], [], 0.176
69:1, 43363:0, 10, 790, [], [], 0.176
69:1, 83623:0, 10, 8, [], [], 0.177
69:1, 50667:0, 10, 202, [], [], 0.177
69:1, 494:7, 10, 44, [], [], 0.177
69:1, 43363:0, 10, 11, [], [], 0.177
69:1, 67137:4, 10, 19, [], [], 0.178
69:1, 5812:2, 10, 38, [], [], 0.179
69:1, 16394:4, 10, 67, [], [], 0.179
69:1, 43271:4, 10, 63, [], [], 0.179
69:1, 51474:4, 10, 68, [], [], 0.179
69:1, 69349:4, 10, 68, [], [], 0.179
69:1, 87822:1, 10, 5, [], [], 0.179
69:1, 43363:0, 10, 998, [], [], 0.179
69:1, 31965:1, 10, 3, [], [], 0.179
69:1, 12045:2, 10, 3, [], [], 0.180
69:1, 50523:1, 10, 0, [], [], 0.180
69:1, 38494:3, 10, 69, [], [], 0.180
69:1, 44192:0, 10, 1, [], [], 0.181
69:1, 10921:1, 10, 5, [], [], 0.181
69:1, 1543:2, 10, 2, [], [], 0.181
69:1, 26997:0, 10, 31, [], [], 0.181
69:1, 27677:2, 10, 2, [], [], 0.181
69:1, 25440:3, 10, 13, [], [], 0.182
69:1, 43363:0, 10, 1286, [], [], 0.182
69:1, 94228:0, 10, 4, [], [], 0.182
69:1, 3715:1, 10, 9, [], [], 0.182
69:1, 54604:1, 10, 9, [], [], 0.182
69:1, 47195:2, 10, 2, [], [], 0.183
69:1, 61853:1, 10, 12, [], [], 0.183
69:1, 43363:0, 10, 657, [], [], 0.183
69:1, 43363:0, 10, 1211, [], [], 0.183
69:1, 81300:1, 10, 65, [], [], 0.183
69:1, 43363:0, 10, 1386, [], [], 0.183
69:1, 72192:3, 10, 7, [], [], 0.184
69:1, 31977:2, 10, 0, [], [], 0.184
69:1, 43363:0, 10, 369, [], [], 0.184
69:1, 13937:5, 10, 40, [], [], 0.184
69:1, 43363:0, 10, 1044, [], [], 0.184
69:1, 41141:1, 10, 24, [], [], 0.184
69:1, 79489:1, 10, 18, [], [], 0.184
69:1, 43363:0, 10, 1251, [], [], 0.184
69:1, 35848:0, 10, 106, [], [], 0.185
69:1, 13937:5, 10, 32, [], [], 0.185
69:1, 15154:0, 10, 18, [], [], 0.185
69:1, 72634:5, 10, 43, [], [], 0.185
69:1, 92756:5, 10, 43, [], [], 0.185
69:1, 98259:1, 10, 2, [], [], 0.185
69:1, 88765:2, 10, 5, [], [], 0.185
69:1, 43363:0, 10, 391, [], [], 0.185
69:1, 5774:1, 10, 8, [], [], 0.186
69:1, 43363:0, 10, 336, [], [], 0.186
69:1, 70008:1, 10, 1, [], [], 0.186
69:1, 83868:0, 10, 2, [], [], 0.186
69:1, 84921:1, 10, 10, [], [], 0.186
69:1, 71162:2, 10, 1, [], [], 0.186
69:1, 43363:0, 10, 350, [], [], 0.186
69:1, 22437:5, 10, 10, [], [], 0.187
69:1, 43363:0, 10, 1293, [], [], 0.187
69:1, 2698:1, 11, 8, [], [], 0.286
69:1, 2698:1, 11, 66, [], [], 0.307
69:1, 93395:0, 11, 21, [], [], 0.308
69:1, 85044:2, 11, 1, [], [], 0.311
69:1, 13720:2, 11, 11, [], [], 0.318
69:1, 31946:2, 11, 44, [], [], 0.319
69:1, 6766:0, 11, 3, [], [], 0.321
69:1, 12913:0, 11, 4, [], [], 0.321
69:1, 15351:0, 11, 3, [], [], 0.321
69:1, 17443:0, 11, 3, [], [], 0.321
69:1, 18247:0, 11, 4, [], [], 0.321
69:1, 37269:0, 11, 4, [], [], 0.321
69:1, 38329:0, 11, 4, [], [], 0.321
69:1, 45870:0, 11, 4, [], [], 0.321
69:1, 59647:0, 11, 3, [], [], 0.321
69:1, 59925:0, 11, 4, [], [], 0.321
69:1, 88691:0, 11, 3, [], [], 0.321
69:1, 33745:4, 11, 18, [], [], 0.323
69:1, 68905:4, 11, 36, [], [], 0.323
69:1, 27360:0, 11, 31, [], [], 0.326
69:1, 21649:0, 11, 1, [], [], 0.326
69:1, 31138:2, 11, 38, [], [], 0.327
69:1, 78485:2, 11, 38, [], [], 0.327
69:1, 92309:2, 11, 38, [], [], 0.327
69:1, 72293:0, 11, 4, [], [], 0.332
69:1, 86669:0, 11, 4, [], [], 0.334
69:1, 86909:4, 11, 8, [], [], 0.335
69:1, 7735:4, 11, 37, [], [], 0.336
69:1, 98936:0, 11, 1110, [], [], 0.339
69:1, 50545:1, 11, 41, [], [], 0.340
69:1, 77123:2, 11, 7, [], [], 0.340
69:1, 24341:0, 11, 597, [], [], 0.340
69:1, 28248:0, 11, 0, [], [], 0.344
69:1, 94681:1, 11, 26, [], [], 0.345
69:1, 71472:3, 11, 14, [], [], 0.347
69:1, 21649:0, 11, 3, [], [], 0.348
69:1, 82432:2, 11, 152, [], [], 0.348
69:1, 23493:2, 11, 57, [], [], 0.349
69:1, 55196:1, 11, 0, [], [], 0.349
69:1, 5964:0, 11, 35, [], [], 0.350
69:1, 15392:0, 11, 35, [], [], 0.350
69:1, 31740:0, 11, 35, [], [], 0.350
69:1, 34339:0, 11, 35, [], [], 0.350
69:1, 56478:0, 11, 35, [], [], 0.350
69:1, 62083:0, 11, 35, [], [], 0.350
69:1, 65920:0, 11, 35, [], [], 0.350
69:1, 69838:0, 11, 35, [], [], 0.350
69:1, 84171:4, 11, 3, [], [], 0.351
69:1, 13361:2, 11, 0, [], [], 0.352
69:1, 14223:2, 11, 0, [], [], 0.352
69:1, 16935:2, 11, 0, [], [], 0.352
69:1, 18781:2, 11, 0, [], [], 0.352
69:1, 19931:2, 11, 0, [], [], 0.352
69:1, 29683:2, 11, 0, [], [], 0.352
69:1, 30846:2, 11, 0, [], [], 0.352
69:1, 31211:2, 11, 0, [], [], 0.352
69:1, 34971:2, 11, 0, [], [], 0.352
69:1, 36872:2, 11, 0, [], [], 0.352
69:1, 40033:2, 11, 0, [], [], 0.352
69:1, 45570:2, 11, 0, [], [], 0.352
69:1, 48884:2, 11, 0, [], [], 0.352
69:1, 57417:2, 11, 0, [], [], 0.352
69:1, 59316:2, 11, 0, [], [], 0.352
69:1, 60181:2, 11, 0, [], [], 0.352
69:1, 71843:2, 11, 0, [], [], 0.352
69:1, 72660:2, 11, 0, [], [], 0.352
69:1, 74502:2, 11, 0, [], [], 0.352
69:1, 75555:2, 11, 0, [], [], 0.352
69:1, 77496:2, 11, 0, [], [], 0.352
69:1, 82069:2, 11, 0, [], [], 0.352
69:1, 86256:2, 11, 0, [], [], 0.352
69:1, 87205:2, 11, 0, [], [], 0.352
69:1, 90294:2, 11, 0, [], [], 0.352
69:1, 91725:2, 11, 0, [], [], 0.352
69:1, 97637:2, 11, 0, [], [], 0.352
69:1, 41451:3, 11, 20, [], [], 0.353
69:1, 11224:0, 11, 1, [], [], 0.354
69:1, 46557:0, 11, 4, [], [], 0.354
69:1, 21649:0, 11, 7, [], [], 0.354
69:1, 29739:3, 11, 2, [], [], 0.355
69:1, 28887:0, 11, 6, [], [], 0.355
69:1, 60248:0, 11, 17, [], [], 0.355
69:1, 84598:2, 11, 4, [], [], 0.356
69:1, 18117:2, 11, 3, [], [], 0.356
69:1, 5964:3, 11, 22, [], [], 0.357
69:1, 15392:3, 11, 22, [], [], 0.357
69:1, 31740:3, 11, 22, [], [], 0.357
69:1, 34339:3, 11, 22, [], [], 0.357
69:1, 56478:3, 11, 22, [], [], 0.357
69:1, 62083:3, 11, 22, [], [], 0.357
69:1, 65920:3, 11, 22, [], [], 0.357
69:1, 69838:3, 11, 22, [], [], 0.357
69:1, 42028:1, 11, 2, [], [], 0.357
69:1, 82432:2, 11, 408, [], [], 0.357
69:1, 92067:3, 11, 18, [], [], 0.358
69:1, 23996:0, 11, 27, [], [], 0.359
69:1, 82005:4, 11, 2, [], [], 0.359
69:1, 17425:2, 11, 505, [], [], 0.359
69:1, 77054:0, 11, 0, [], [], 0.360
69:1, 7667:1, 11, 8, [], [], 0.361
69:1, 55402:0, 12, 117, [], [], 0.405
69:1, 71222:0, 12, 117, [], [], 0.405
69:1, 32603:2, 12, 1, [], [], 0.483
69:1, 56881:2, 12, 0, [], [], 0.483
69:1, 78183:2, 12, 0, [], [], 0.483
69:1, 1961:3, 12, 30, [], [], 0.494
69:1, 14686:1, 12, 68, [], [], 0.494
69:1, 57583:0, 12, 20, [], [], 0.495
69:1, 85685:1, 12, 10, [], [], 0.500
69:1, 68233:10, 12, 0, [], [], 0.505
69:1, 6150:2, 12, 12, [], [], 0.508
69:1, 22000:1, 12, 2, [], [], 0.508
69:1, 56570:2, 12, 12, [], [], 0.508
69:1, 47705:8, 12, 532, [], [], 0.514
69:1, 45455:1, 12, 21, [], [], 0.516
69:1, 50353:0, 12, 0, [], [], 0.521
69:1, 36007:3, 12, 430, [], [], 0.522
69:1, 33608:0, 12, 12, [], [], 0.522
69:1, 6121:0, 12, 234, [], [], 0.524
69:1, 6417:0, 12, 219, [], [], 0.524
69:1, 93136:0, 12, 236, [], [], 0.524
69:1, 19101:0, 12, 211, [], [], 0.525
69:1, 83755:0, 12, 95, [], [], 0.526
69:1, 91611:1, 12, 13, [], [], 0.526
69:1, 98024:4, 12, 852, [], [], 0.530
69:1, 39092:1, 12, 4, [], [], 0.531
69:1, 55929:2, 12, 0, [], [], 0.533
69:1, 15054:0, 12, 48, [], [], 0.535
69:1, 27406:0, 12, 48, [], [], 0.535
69:1, 40585:0, 12, 48, [], [], 0.535
69:1, 40622:0, 12, 48, [], [], 0.535
69:1, 51406:0, 12, 48, [], [], 0.535
69:1, 55118:0, 12, 48, [], [], 0.535
69:1, 70558:0, 12, 48, [], [], 0.535
69:1, 82828:0, 12, 48, [], [], 0.535
69:1, 92299:0, 12, 48, [], [], 0.535
69:1, 99322:0, 12, 48, [], [], 0.535
69:1, 75510:6, 12, 1, [], [], 0.535
69:1, 76044:0, 12, 495, [], [], 0.537
69:1, 57475:0, 12, 7, [], [], 0.537
69:1, 33157:0, 12, 5, [], [], 0.538
69:1, 1658:11, 12, 3, [], [], 0.538
69:1, 2367:12, 12, 2, [], [], 0.538
69:1, 2378:5, 12, 12, [], [], 0.538
69:1, 3474:1, 12, 1, [], [], 0.538
69:1, 4348:12, 12, 5, [], [], 0.538
69:1, 8137:3, 12, 2, [], [], 0.538
69:1, 9450:12, 12, 3, [], [], 0.538
69:1, 11888:12, 12, 3, [], [], 0.538
69:1, 16052:12, 12, 2, [], [], 0.538
69:1, 16229:12, 12, 2, [], [], 0.538
69:1, 19389:3, 12, 3, [], [], 0.538
69:1, 20876:12, 12, 6, [], [], 0.538
69:1, 21387:12, 12, 2, [], [], 0.538
69:1, 21662:11, 12, 2, [], [], 0.538
69:1, 28514:11, 12, 2, [], [], 0.538
69:1, 29053:11, 12, 3, [], [], 0.538
69:1, 29767:11, 12, 2, [], [], 0.538
69:1, 31284:11, 12, 3, [], [], 0.538
69:1, 33953:12, 12, 2, [], [], 0.538
69:1, 47373:3, 12, 3, [], [], 0.538
69:1, 47933:12, 12, 3, [], [], 0.538
69:1, 55619:12, 12, 2, [], [], 0.538
69:1, 58979:12, 12, 2, [], [], 0.538
69:1, 59203:12, 12, 3, [], [], 0.538
69:1, 59722:12, 12, 2, [], [], 0.538
69:1, 61409:1, 12, 2, [], [], 0.538
69:1, 64267:11, 12, 2, [], [], 0.538
69:1, 65792:11, 12, 3, [], [], 0.538
69:1, 67196:12, 12, 2, [], [], 0.538
69:1, 70807:11, 12, 3, [], [], 0.538
69:1, 71229:12, 12, 2, [], [], 0.538
69:1, 72012:11, 12, 4, [], [], 0.538
69:1, 73407:5, 12, 9, [], [], 0.538
69:1, 73709:3, 12, 7, [], [], 0.538
69:1, 73757:11, 12, 4, [], [], 0.538
69:1, 79007:11, 12, 3, [], [], 0.538
69:1, 80182:11, 12, 2, [], [], 0.538
69:1, 83650:12, 12, 3, [], [], 0.538
69:1, 90787:11, 12, 2, [], [], 0.538
69:1, 91655:11, 12, 3, [], [], 0.538
69:1, 92773:1, 12, 2, [], [], 0.538
69:1, 95346:12, 12, 2, [], [], 0.538
69:1, 96134:12, 12, 2, [], [], 0.538
69:1, 62938:0, 12, 38, [], [], 0.540
69:1, 30217:3, 12, 251, [], [], 0.541
69:1, 87329:12, 12, 32, [], [], 0.544
69:1, 60922:0, 12, 16, [], [], 0.544
69:1, 12619:0, 12, 82, [], [], 0.544
69:1, 85530:2, 12, 108, [], [], 0.545
69:1, 69559:0, 12, 4, [], [], 0.545
69:1, 13370:1, 12, 5, [], [], 0.547
69:1, 97916:1, 12, 155, [], [], 0.548
69:1, 78939:1, 12, 4, [], [], 0.548
69:1, 13409:2, 12, 8, [], [], 0.548
69:1, 22914:2, 12, 15, [], [], 0.548
69:1, 1179:2, 12, 1, [], [], 0.548
69:1, 72710:3, 12, 1089, [], [], 0.549
69:1, 57508:0, 12, 2, [], [], 0.549
69:1, 37974:0, 12, 15, [], [], 0.550
69:1, 3108:0, 13, 11, [], [], 0.212
69:1, 55259:1, 13, 30, [], [], 0.215
69:1, 15054:0, 13, 2, [], [], 0.231
69:1, 27406:0, 13, 2, [], [], 0.231
69:1, 40585:0, 13, 2, [], [], 0.231
69:1, 40622:0, 13, 2, [], [], 0.231
69:1, 51406:0, 13, 2, [], [], 0.231
69:1, 55118:0, 13, 2, [], [], 0.231
69:1, 70558:0, 13, 2, [], [], 0.231
69:1, 82828:0, 13, 2, [], [], 0.231
69:1, 92299:0, 13, 2, [], [], 0.231
69:1, 99322:0, 13, 2, [], [], 0.231
69:1, 39009:1, 13, 3, [], [], 0.247
69:1, 2081:2, 13, 6, [], [], 0.251
69:1, 84959:3, 13, 27, [], [], 0.251
69:1, 11609:3, 13, 1, [], [], 0.253
69:1, 60316:1, 13, 33, [], [], 0.258
69:1, 52682:0, 13, 0, [], [], 0.259
69:1, 65028:2, 13, 1, [], [], 0.260
69:1, 79285:2, 13, 122, [], [], 0.263
69:1, 29820:3, 13, 2, [], [], 0.264
69:1, 31142:2, 13, 6, [], [], 0.264
69:1, 72473:1, 13, 12, [], [], 0.265
69:1, 24223:11, 13, 6, [], [], 0.266
69:1, 47790:0, 13, 41, [], [], 0.267
69:1, 4:3, 13, 2, [], [], 0.267
69:1, 21165:3, 13, 3, [], [], 0.267
69:1, 23823:0, 13, 8, [], [], 0.267
69:1, 35393:0, 13, 8, [], [], 0.267
69:1, 47183:0, 13, 8, [], [], 0.267
69:1, 47646:0, 13, 8, [], [], 0.267
69:1, 55273:0, 13, 8, [], [], 0.267
69:1, 66043:0, 13, 8, [], [], 0.267
69:1, 74444:0, 13, 8, [], [], 0.267
69:1, 79335:0, 13, 8, [], [], 0.267
69:1, 85776:0, 13, 8, [], [], 0.267
69:1, 87695:0, 13, 8, [], [], 0.267
69:1, 88814:4, 13, 9, [], [], 0.267
69:1, 95200:0, 13, 8, [], [], 0.267
69:1, 28021:0, 13, 10, [], [], 0.268
69:1, 54730:2, 13, 12, [], [], 0.268
69:1, 3462:1, 13, 141, [], [], 0.269
69:1, 76907:2, 13, 32, [], [], 0.269
69:1, 45784:2, 13, 104, [], [], 0.269
69:1, 69932:1, 13, 98, [], [], 0.269
69:1, 32685:1, 13, 3, [], [], 0.269
69:1, 40680:4, 13, 119, [], [], 0.270
69:1, 20812:3, 13, 0, [], [], 0.270
69:1, 51870:3, 13, 2, [], [], 0.270
69:1, 48768:3, 13, 5, [], [], 0.270
69:1, 26640:0, 13, 25, [], [], 0.270
69:1, 16126:0, 13, 2, [], [], 0.271
69:1, 87110:1, 13, 28, [], [], 0.273
69:1, 40396:0, 13, 1156, [], [], 0.273
69:1, 19937:4, 13, 3, [], [], 0.274
69:1, 18949:0, 13, 1, [], [], 0.274
69:1, 47969:2, 13, 1, [], [], 0.274
69:1, 3124:1, 13, 18, [], [], 0.275
69:1, 77555:0, 13, 52, [], [], 0.275
69:1, 28608:4, 13, 2, [], [], 0.275
69:1, 62489:0, 13, 1473, [], [], 0.276
69:1, 74928:5, 13, 33, [], [], 0.276
69:1, 58386:5, 13, 9, [], [], 0.276
69:1, 44246:1, 13, 18, [], [], 0.276
69:1, 77661:4, 13, 14, [], [], 0.277
69:1, 27326:0, 13, 182, [], [], 0.277
69:1, 21691:0, 13, 1, [], [], 0.278
69:1, 55427:1, 13, 3, [], [], 0.278
69:1, 24464:0, 13, 16, [], [], 0.278
69:1, 67011:1, 13, 185, [], [], 0.278
69:1, 27412:0, 13, 17, [], [], 0.278
69:1, 54526:1, 13, 98, [], [], 0.279
69:1, 37171:8, 13, 25, [], [], 0.279
69:1, 42253:2, 13, 2, [], [], 0.279
69:1, 78653:0, 13, 8, [], [], 0.279
69:1, 2238:1, 13, 16, [], [], 0.279
69:1, 45053:1, 13, 21, [], [], 0.280
69:1, 19537:5, 13, 7, [], [], 0.280
69:1, 53132:1, 13, 1, [], [], 0.280
69:1, 26145:7, 13, 0, [], [], 0.281
69:1, 24341:4, 13, 38, [], [], 0.281
69:1, 67932:1, 13, 81, [], [], 0.281
69:1, 78838:4, 13, 438, [], [], 0.282
69:1, 63412:0, 13, 7, [], [], 0.282
69:1, 97839:1, 13, 7, [], [], 0.282
69:1, 84145:0, 13, 93, [], [], 0.282
69:1, 21706:0, 13, 55, [], [], 0.283
69:1, 63848:0, 13, 55, [], [], 0.283
69:1, 68254:0, 13, 55, [], [], 0.283
69:1, 72140:0, 13, 55, [], [], 0.283
69:1, 89988:0, 13, 55, [], [], 0.283
69:1, 94205:0, 13, 55, [], [], 0.283
69:1, 64456:2, 13, 2, [], [], 0.283
69:1, 5335:0, 13, 23, [], [], 0.283
69:1, 5335:1, 13, 23, [], [], 0.283
69:1, 5335:3, 13, 19, [], [], 0.283
69:1, 7000:3, 13, 1, [], [], 0.283
69:1, 6915:3, 13, 1, [], [], 0.283
69:1, 7586:4, 13, 3, [], [], 0.283
69:1, 7758:3, 13, 1, [], [], 0.283
69:1, 25708:2, 14, 211, [], [], 0.347
69:1, 67852:3, 14, 31, [], [], 0.352
69:1, 47349:1, 14, 1, [], [], 0.354
69:1, 15787:1, 14, 4, [], [], 0.355
69:1, 63160:1, 14, 5, [], [], 0.355
69:1, 67031:2, 14, 60, [], [], 0.366
69:1, 43066:23, 14, 25, [], [], 0.368
69:1, 87107:23, 14, 22, [], [], 0.368
69:1, 43101:0, 14, 7, [], [], 0.370
69:1, 85134:4, 14, 14, [], [], 0.370
69:1, 21895:23, 14, 5, [], [], 0.370
69:1, 78175:0, 14, 2, [], [], 0.373
69:1, 97902:1, 14, 5, [], [], 0.374
69:1, 21186:0, 14, 43, [], [], 0.375
69:1, 40664:0, 14, 80, [], [], 0.377
69:1, 18152:23, 14, 19, [], [], 0.378
69:1, 69897:6, 14, 143, [], [], 0.379
69:1, 32669:1, 14, 9, [], [], 0.380
69:1, 54942:2, 14, 1, [], [], 0.381
69:1, 12886:2, 14, 48, [], [], 0.382
69:1, 16640:2, 14, 29, [], [], 0.382
69:1, 57993:2, 14, 47, [], [], 0.382
69:1, 66871:5, 14, 9, [], [], 0.382
69:1, 79546:1, 14, 108, [], [], 0.382
69:1, 85737:2, 14, 15, [], [], 0.382
69:1, 86090:0, 14, 19, [], [], 0.382
69:1, 40127:0, 14, 6, [], [], 0.382
69:1, 42796:4, 14, 4, [], [], 0.383
69:1, 89947:2, 14, 2, [], [], 0.383
69:1, 94376:2, 14, 2, [], [], 0.383
69:1, 1035:23, 14, 11, [], [], 0.383
69:1, 7735:2, 14, 55, [], [], 0.385
69:1, 8793:2, 14, 47, [], [], 0.385
69:1, 9039:2, 14, 26, [], [], 0.385
69:1, 12464:2, 14, 32, [], [], 0.385
69:1, 12550:2, 14, 10, [], [], 0.385
69:1, 14292:0, 14, 56, [], [], 0.385
69:1, 15951:0, 14, 2, [], [], 0.385
69:1, 16557:2, 14, 17, [], [], 0.385
69:1, 16961:2, 14, 22, [], [], 0.385
69:1, 18413:2, 14, 20, [], [], 0.385
69:1, 21665:2, 14, 74, [], [], 0.385
69:1, 24775:2, 14, 13, [], [], 0.385
69:1, 25049:2, 14, 4, [], [], 0.385
69:1, 26082:0, 14, 3, [], [], 0.385
69:1, 28332:2, 14, 130, [], [], 0.385
69:1, 29325:2, 14, 109, [], [], 0.385
69:1, 30348:1, 14, 257, [], [], 0.385
69:1, 31768:2, 14, 12, [], [], 0.385
69:1, 33037:1, 14, 71, [], [], 0.385
69:1, 33399:2, 14, 14, [], [], 0.385
69:1, 34623:2, 14, 22, [], [], 0.385
69:1, 34869:0, 14, 2, [], [], 0.385
69:1, 39877:2, 14, 6, [], [], 0.385
69:1, 40396:5, 14, 183, [], [], 0.385
69:1, 43386:2, 14, 4, [], [], 0.385
69:1, 45061:2, 14, 42, [], [], 0.385
69:1, 51149:2, 14, 17, [], [], 0.385
69:1, 52770:2, 14, 54, [], [], 0.385
69:1, 54960:2, 14, 13, [], [], 0.385
69:1, 56029:2, 14, 103, [], [], 0.385
69:1, 57774:2, 14, 71, [], [], 0.385
69:1, 58286:2, 14, 36, [], [], 0.385
69:1, 59394:2, 14, 140, [], [], 0.385
69:1, 62859:2, 14, 30, [], [], 0.385
69:1, 65109:2, 14, 195, [], [], 0.385
69:1, 65224:2, 14, 72, [], [], 0.385
69:1, 65823:2, 14, 88, [], [], 0.385
69:1, 68941:1, 14, 7, [], [], 0.385
69:1, 69812:0, 14, 31, [], [], 0.385
69:1, 73481:2, 14, 140, [], [], 0.385
69:1, 74198:2, 14, 12, [], [], 0.385
69:1, 74789:2, 14, 23, [], [], 0.385
69:1, 75701:2, 14, 19, [], [], 0.385
69:1, 77799:2, 14, 45, [], [], 0.385
69:1, 87082:2, 14, 86, [], [], 0.385
69:1, 90100:2, 14, 26, [], [], 0.385
69:1, 93855:2, 14, 85, [], [], 0.385
69:1, 95762:2, 14, 33, [], [], 0.385
69:1, 95867:0, 14, 5, [], [], 0.385
69:1, 95895:2, 14, 199, [], [], 0.385
69:1, 96859:2, 14, 8, [], [], 0.385
69:1, 7530:0, 14, 15, [], [], 0.386
69:1, 11625:2, 14, 3, [], [], 0.386
69:1, 15391:1, 14, 30, [], [], 0.386
69:1, 17319:0, 14, 2, [], [], 0.386
69:1, 25717:2, 14, 8, [], [], 0.386
69:1, 36237:1, 14, 15, [], [], 0.386
69:1, 44510:2, 14, 1, [], [], 0.386
69:1, 47530:2, 14, 562, [], [], 0.386
69:1, 55674:1, 14, 31, [], [], 0.386
69:1, 66061:0, 14, 56, [], [], 0.386
69:1, 67767:1, 14, 56, [], [], 0.386
69:1, 69135:2, 14, 1, [], [], 0.386
69:1, 69828:0, 14, 36, [], [], 0.386
69:1, 76122:2, 14, 562, [], [], 0.386
69:1, 90959:2, 14, 562, [], [], 0.386
69:1, 94457:2, 14, 0, [], [], 0.386
69:1, 95895:1, 14, 183, [], [], 0.386
69:1, 40892:1, 14, 7, [], [], 0.387
69:1, 97781:1, 15, 5, [], [], 0.598
69:1, 74036:2, 15, 6, [], [], 0.616
69:1, 51691:0, 15, 32, [], [], 0.630
69:1, 71479:0, 15, 61, [], [], 0.646
69:1, 54305:3, 15, 0, [], [], 0.648
69:1, 59327:7, 15, 8, [], [], 0.652
69:1, 96119:3, 15, 1, [], [], 0.655
69:1, 44457:4, 15, 40, [], [], 0.657
69:1, 85179:0, 15, 12, [], [], 0.659
69:1, 50316:2, 15, 4, [], [], 0.661
69:1, 63185:0, 15, 101, [], [], 0.664
69:1, 85191:2, 15, 33, [], [], 0.665
69:1, 48086:0, 15, 0, [], [], 0.666
69:1, 72784:5, 15, 11, [], [], 0.668
69:1, 55844:7, 15, 3, [], [], 0.679
69:1, 55844:8, 15, 3, [], [], 0.679
69:1, 85354:4, 15, 2, [], [], 0.680
69:1, 85657:1, 15, 0, [], [], 0.680
69:1, 48249:0, 15, 25, [], [], 0.680
69:1, 23020:0, 15, 5, [], [], 0.681
69:1, 95427:2, 15, 61, [], [], 0.682
69:1, 4029:6, 15, 0, [], [], 0.686
69:1, 13388:0, 15, 24, [], [], 0.686
69:1, 72473:2, 15, 61, [], [], 0.688
69:1, 91769:4, 15, 4, [], [], 0.690
69:1, 27284:3, 15, 8, [], [], 0.691
69:1, 82594:1, 15, 8, [], [], 0.692
69:1, 55733:0, 15, 8, [], [], 0.693
69:1, 7194:4, 15, 101, [], [], 0.696
69:1, 77074:0, 15, 45, [], [], 0.697
69:1, 77198:1, 15, 31, [], [], 0.697
69:1, 53166:2, 15, 3, [], [], 0.698
69:1, 72873:4, 15, 4, [], [], 0.698
69:1, 8253:0, 15, 12, [], [], 0.699
69:1, 18617:8, 15, 339, [], [], 0.700
69:1, 70802:1, 15, 1, [], [], 0.701
69:1, 73356:1, 15, 38, [], [], 0.701
69:1, 47766:1, 15, 24, [], [], 0.702
69:1, 53046:0, 15, 123, [], [], 0.702
69:1, 4363:3, 15, 518, [], [], 0.703
69:1, 48993:1, 15, 38, [], [], 0.703
69:1, 39632:4, 15, 13, [], [], 0.704
69:1, 60607:4, 15, 7, [], [], 0.704
69:1, 18060:2, 15, 527, [], [], 0.705
69:1, 60627:0, 15, 13, [], [], 0.705
69:1, 77023:2, 15, 1, [], [], 0.707
69:1, 77605:0, 15, 11, [], [], 0.707
69:1, 36463:0, 15, 163, [], [], 0.708
69:1, 25757:3, 15, 3, [], [], 0.709
69:1, 97275:1, 15, 5, [], [], 0.710
69:1, 84109:0, 15, 4, [], [], 0.710
69:1, 55142:0, 15, 179, [], [], 0.711
69:1, 33312:1, 15, 156, [], [], 0.711
69:1, 33312:2, 15, 159, [], [], 0.711
69:1, 87974:4, 15, 112, [], [], 0.711
69:1, 94374:0, 15, 16, [], [], 0.712
69:1, 39366:3, 15, 1, [], [], 0.712
69:1, 71479:0, 15, 57, [], [], 0.712
69:1, 18524:4, 15, 1, [], [], 0.713
69:1, 3248:2, 15, 32, [], [], 0.713
69:1, 16622:2, 15, 342, [], [], 0.713
69:1, 25830:2, 15, 11, [], [], 0.713
69:1, 45061:2, 15, 31, [], [], 0.713
69:1, 52258:2, 15, 24, [], [], 0.713
69:1, 59386:1, 15, 74, [], [], 0.713
69:1, 62178:1, 15, 38, [], [], 0.713
69:1, 64169:2, 15, 29, [], [], 0.713
69:1, 64935:1, 15, 14, [], [], 0.713
69:1, 6109:3, 15, 14, [], [], 0.713
69:1, 77881:5, 15, 38, [], [], 0.713
69:1, 85264:6, 15, 1, [], [], 0.714
69:1, 85264:7, 15, 1, [], [], 0.714
69:1, 5639:1, 15, 39, [], [], 0.714
69:1, 30348:2, 15, 212, [], [], 0.714
69:1, 67767:1, 15, 41, [], [], 0.714
69:1, 20446:0, 15, 44, [], [], 0.714
69:1, 84954:3, 15, 898, [], [], 0.715
69:1, 17765:15, 15, 15, [], [], 0.716
69:1, 38639:17, 15, 0, [], [], 0.716
69:1, 47562:15, 15, 8, [], [], 0.716
69:1, 50831:20, 15, 16, [], [], 0.716
69:1, 62928:5, 15, 191, [], [], 0.716
69:1, 70174:1, 15, 105, [], [], 0.716
69:1, 70174:2, 15, 116, [], [], 0.716
69:1, 70174:3, 15, 120, [], [], 0.716
69:1, 72531:15, 15, 7, [], [], 0.716
69:1, 79086:5, 15, 26, [], [], 0.716
69:1, 90484:6, 15, 8, [], [], 0.716
69:1, 40095:0, 15, 53, [], [], 0.717
69:1, 76322:1, 15, 21, [], [], 0.717
69:1, 98114:1, 15, 21, [], [], 0.717
69:1, 57339:3, 15, 21, [], [], 0.718
69:1, 33142:0, 15, 2, [], [], 0.718
69:1, 50872:0, 15, 2, [], [], 0.718
69:1, 56790:0, 15, 1, [], [], 0.718
69:1, 98024:0, 15, 1464, [], [], 0.718
69:1, 20254:3, 15, 5, [], [], 0.719
69:1, 84384:3, 15, 5, [], [], 0.719
69:1, 46204:0, 15, 12, [], [], 0.719
69:1, 43876:0, 15, 19, [], [], 0.719
69:1, 82501:0, 16, 5, [], [], 0.292
69:1, 48413:0, 16, 7, [], [], 0.318
69:1, 10725:0, 16, 91, [], [], 0.323
69:1, 59981:2, 16, 9, [], [], 0.326
69:1, 11898:2, 16, 4, [], [], 0.327
69:1, 63875:2, 16, 12, [], [], 0.331
69:1, 35607:4, 16, 12, [], [], 0.335
69:1, 36861:1, 16, 3, [], [], 0.336
69:1, 83752:1, 16, 18, [], [], 0.338
69:1, 89806:1, 16, 2105, [], [], 0.338
69:1, 18099:0, 16, 178, [], [], 0.339
69:1, 65068:1, 16, 6, [], [], 0.339
69:1, 59802:0, 16, 526, [], [], 0.343
69:1, 62489:2, 16, 1226, [], [], 0.343
69:1, 63875:2, 16, 10, [], [], 0.343
69:1, 72634:1, 16, 41, [], [], 0.343
69:1, 92756:1, 16, 41, [], [], 0.343
69:1, 18370:5, 16, 4, [], [], 0.344
69:1, 80171:5, 16, 36, [], [], 0.344
69:1, 5549:2, 16, 1, [], [], 0.344
69:1, 51596:3, 16, 6, [], [], 0.344
69:1, 48364:2, 16, 1, [], [], 0.344
69:1, 40550:2, 16, 0, [], [], 0.344
69:1, 35285:0, 16, 7, [], [], 0.345
69:1, 20019:2, 16, 2, [], [], 0.346
69:1, 19101:0, 16, 157, [], [], 0.346
69:1, 62489:1, 16, 1093, [], [], 0.346
69:1, 87137:1, 16, 5, [], [], 0.348
69:1, 19336:8, 16, 8, [], [], 0.348
69:1, 78225:6, 16, 94, [], [], 0.348
69:1, 10725:1, 16, 21, [], [], 0.348
69:1, 99193:1, 16, 27, [], [], 0.349
69:1, 38762:1, 16, 4, [], [], 0.349
69:1, 47469:0, 16, 2, [], [], 0.350
69:1, 59964:1, 16, 1, [], [], 0.351
69:1, 99052:2, 16, 103, [], [], 0.352
69:1, 32069:1, 16, 2, [], [], 0.352
69:1, 84994:2, 16, 2, [], [], 0.352
69:1, 1991:1, 16, 4, [], [], 0.354
69:1, 63875:2, 16, 9, [], [], 0.354
69:1, 68964:1, 16, 0, [], [], 0.355
69:1, 2749:0, 16, 18, [], [], 0.355
69:1, 20230:0, 16, 62, [], [], 0.356
69:1, 63264:0, 16, 27, [], [], 0.357
69:1, 62967:3, 16, 64, [], [], 0.357
69:1, 63120:1, 16, 712, [], [], 0.357
69:1, 62489:1, 16, 1020, [], [], 0.357
69:1, 21402:3, 16, 41, [], [], 0.357
69:1, 47625:3, 16, 156, [], [], 0.358
69:1, 16834:2, 16, 4, [], [], 0.358
69:1, 89806:1, 16, 1621, [], [], 0.358
69:1, 7464:1, 16, 6, [], [], 0.359
69:1, 74101:1, 16, 6, [], [], 0.359
69:1, 31556:0, 16, 20, [], [], 0.360
69:1, 66872:0, 16, 20, [], [], 0.360
69:1, 56120:0, 16, 10, [], [], 0.360
69:1, 97083:2, 16, 2, [], [], 0.360
69:1, 10159:4, 16, 24, [], [], 0.360
69:1, 51544:7, 16, 336, [], [], 0.361
69:1, 18565:3, 16, 15, [], [], 0.361
69:1, 18099:0, 16, 161, [], [], 0.361
69:1, 25438:1, 16, 5, [], [], 0.361
69:1, 43020:7, 16, 5, [], [], 0.361
69:1, 80898:0, 16, 17, [], [], 0.361
69:1, 63916:6, 16, 43, [], [], 0.361
69:1, 33105:7, 16, 50, [], [], 0.362
69:1, 62790:7, 16, 50, [], [], 0.362
69:1, 22437:7, 16, 12, [], [], 0.362
69:1, 28303:7, 16, 50, [], [], 0.362
69:1, 82973:7, 16, 20, [], [], 0.362
69:1, 77662:0, 16, 61, [], [], 0.362
69:1, 44660:2, 16, 4, [], [], 0.362
69:1, 68768:5, 16, 1, [], [], 0.362
69:1, 77375:5, 16, 2, [], [], 0.362
69:1, 7930:1, 16, 2, [], [], 0.362
69:1, 51161:1, 16, 25, [], [], 0.362
69:1, 59485:1, 16, 1, [], [], 0.362
69:1, 78225:6, 16, 110, [], [], 0.363
69:1, 79580:0, 16, 1, [], [], 0.363
69:1, 21962:2, 16, 12, [], [], 0.363
69:1, 19364:4, 16, 10, [], [], 0.363
69:1, 25695:1, 16, 25, [], [], 0.363
69:1, 61072:1, 16, 25, [], [], 0.363
69:1, 69606:1, 16, 25, [], [], 0.363
69:1, 74330:1, 16, 25, [], [], 0.363
69:1, 86947:1, 16, 26, [], [], 0.363
69:1, 99626:0, 16, 81, [], [], 0.363
69:1, 63120:1, 16, 725, [], [], 0.364
69:1, 67507:0, 16, 25, [], [], 0.364
69:1, 1991:1, 16, 15, [], [], 0.364
69:1, 98189:4, 16, 4, [], [], 0.365
69:1, 66195:1, 16, 20, [], [], 0.365
69:1, 45929:3, 16, 8, [], [], 0.365
69:1, 64843:2, 16, 13, [], [], 0.366
69:1, 76044:4, 16, 934, [], [], 0.366
69:1, 33777:1, 16, 207, [], [], 0.366
69:1, 89806:1, 16, 1596, [], [], 0.366
69:1, 99610:1, 16, 0, [], [], 0.366
69:1, 18436:2, 16, 4, [], [], 0.366
69:1, 89084:2, 16, 1, [], [], 0.366
69:1, 7744:21, 17, 54, [], [], 0.308
69:1, 18391:4, 17, 15, [], [], 0.308
69:1, 27326:21, 17, 275, [], [], 0.308
69:1, 27336:12, 17, 55, [], [], 0.308
69:1, 28921:19, 17, 315, [], [], 0.308
69:1, 29852:24, 17, 2, [], [], 0.308
69:1, 35486:31, 17, 251, [], [], 0.308
69:1, 47470:17, 17, 15, [], [], 0.308
69:1, 52800:31, 17, 60, [], [], 0.308
69:1, 54059:12, 17, 6, [], [], 0.308
69:1, 54005:31, 17, 251, [], [], 0.308
69:1, 65928:19, 17, 4, [], [], 0.308
69:1, 69712:4, 17, 8, [], [], 0.308
69:1, 73781:18, 17, 1, [], [], 0.308
69:1, 79530:19, 17, 1, [], [], 0.308
69:1, 80386:15, 17, 10, [], [], 0.308
69:1, 85922:1, 17, 15, [], [], 0.308
69:1, 88814:2, 17, 100, [], [], 0.308
69:1, 95162:20, 17, 9, [], [], 0.308
69:1, 83831:4, 17, 3, [], [], 0.322
69:1, 79086:5, 17, 328, [], [], 0.327
69:1, 21273:0, 17, 24, [], [], 0.333
69:1, 21571:0, 17, 34, [], [], 0.333
69:1, 40811:0, 17, 28, [], [], 0.333
69:1, 48058:0, 17, 20, [], [], 0.333
69:1, 54450:0, 17, 29, [], [], 0.333
69:1, 80061:0, 17, 22, [], [], 0.333
69:1, 81715:0, 17, 19, [], [], 0.333
69:1, 65649:1, 17, 1, [], [], 0.335
69:1, 48421:11, 17, 9, [], [], 0.335
69:1, 95119:0, 17, 604, [], [], 0.337
69:1, 22320:1, 17, 67, [], [], 0.349
69:1, 47059:1, 17, 59, [], [], 0.349
69:1, 91765:0, 17, 28, [], [], 0.349
69:1, 46810:1, 17, 43, [], [], 0.349
69:1, 31498:10, 17, 1, [], [], 0.350
69:1, 2377:8, 17, 4, [], [], 0.352
69:1, 12066:2, 17, 3, [], [], 0.352
69:1, 12429:1, 17, 1, [], [], 0.352
69:1, 12429:2, 17, 1, [], [], 0.352
69:1, 13499:12, 17, 3, [], [], 0.352
69:1, 14166:16, 17, 13, [], [], 0.352
69:1, 14189:1, 17, 4, [], [], 0.352
69:1, 15847:1, 17, 1, [], [], 0.352
69:1, 15847:2, 17, 1, [], [], 0.352
69:1, 20808:3, 17, 3, [], [], 0.352
69:1, 22032:4, 17, 7, [], [], 0.352
69:1, 22702:4, 17, 7, [], [], 0.352
69:1, 23902:4, 17, 31, [], [], 0.352
69:1, 23958:4, 17, 4, [], [], 0.352
69:1, 26166:2, 17, 41, [], [], 0.352
69:1, 27553:22, 17, 5, [], [], 0.352
69:1, 27760:5, 17, 2, [], [], 0.352
69:1, 29992:16, 17, 13, [], [], 0.352
69:1, 31219:4, 17, 7, [], [], 0.352
69:1, 33365:2, 17, 5, [], [], 0.352
69:1, 34065:2, 17, 0, [], [], 0.352
69:1, 34622:7, 17, 15, [], [], 0.352
69:1, 35486:36, 17, 160, [], [], 0.352
69:1, 36093:6, 17, 9, [], [], 0.352
69:1, 35979:1, 17, 2, [], [], 0.352
69:1, 38797:3, 17, 1, [], [], 0.352
69:1, 40120:13, 17, 8, [], [], 0.352
69:1, 41586:2, 17, 41, [], [], 0.352
69:1, 43875:36, 17, 67, [], [], 0.352
69:1, 44078:9, 17, 2, [], [], 0.352
69:1, 45522:10, 17, 2, [], [], 0.352
69:1, 47276:5, 17, 0, [], [], 0.352
69:1, 48349:13, 17, 5, [], [], 0.352
69:1, 48350:2, 17, 3, [], [], 0.352
69:1, 49706:1, 17, 18, [], [], 0.352
69:1, 49971:2, 17, 41, [], [], 0.352
69:1, 54005:36, 17, 160, [], [], 0.352
69:1, 54767:6, 17, 7, [], [], 0.352
69:1, 56743:10, 17, 22, [], [], 0.352
69:1, 64957:2, 17, 11, [], [], 0.352
69:1, 65142:36, 17, 117, [], [], 0.352
69:1, 65919:3, 17, 18, [], [], 0.352
69:1, 67643:1, 17, 0, [], [], 0.352
69:1, 67643:2, 17, 0, [], [], 0.352
69:1, 68718:12, 17, 3, [], [], 0.352
69:1, 69030:10, 17, 1, [], [], 0.352
69:1, 70945:4, 17, 6, [], [], 0.352
69:1, 71804:18, 17, 5, [], [], 0.352
69:1, 71870:4, 17, 7, [], [], 0.352
69:1, 73878:2, 17, 41, [], [], 0.352
69:1, 74003:4, 17, 0, [], [], 0.352
69:1, 74723:3, 17, 4, [], [], 0.352
69:1, 75736:36, 17, 44, [], [], 0.352
69:1, 76377:1, 17, 9, [], [], 0.352
69:1, 76890:8, 17, 20, [], [], 0.352
69:1, 77881:3, 17, 76, [], [], 0.352
69:1, 78451:1, 17, 6, [], [], 0.352
69:1, 79473:3, 17, 5, [], [], 0.352
69:1, 79564:5, 17, 2, [], [], 0.352
69:1, 79564:8, 17, 2, [], [], 0.352
69:1, 83759:4, 17, 18, [], [], 0.352
69:1, 84706:18, 17, 7, [], [], 0.352
69:1, 85274:6, 17, 2, [], [], 0.352
69:1, 99207:6, 17, 6, [], [], 0.352
69:1, 34803:1, 18, 43, [], [], 0.466
69:1, 54287:0, 18, 2, [], [], 0.476
69:1, 57907:10, 18, 4, [], [], 0.476
69:1, 57907:12, 18, 1, [], [], 0.476
69:1, 88174:0, 18, 1, [], [], 0.476
69:1, 94545:12, 18, 1, [], [], 0.476
69:1, 60849:2, 18, 0, [], [], 0.510
69:1, 82165:4, 18, 0, [], [], 0.522
69:1, 27056:1, 18, 91, [], [], 0.544
69:1, 30465:0, 18, 44, [], [], 0.550
69:1, 58301:3, 18, 3, [], [], 0.557
69:1, 78785:15, 18, 13, [], [], 0.557
69:1, 41200:0, 18, 13, [], [], 0.564
69:1, 41200:0, 18, 7, [], [], 0.567
69:1, 41200:0, 18, 14, [], [], 0.567
69:1, 35118:0, 18, 2, [], [], 0.572
69:1, 100014:0, 18, 6, [], [], 0.573
69:1, 41200:0, 18, 9, [], [], 0.575
69:1, 82971:1, 18, 16, [], [], 0.577
69:1, 80258:1, 18, 3, [], [], 0.586
69:1, 19657:2, 18, 8, [], [], 0.587
69:1, 8793:0, 18, 76, [], [], 0.589
69:1, 65598:0, 18, 8, [], [], 0.594
69:1, 12704:1, 18, 18, [], [], 0.598
69:1, 14938:5, 18, 14, [], [], 0.598
69:1, 54609:1, 18, 6, [], [], 0.599
69:1, 68938:1, 18, 8, [], [], 0.600
69:1, 41200:0, 18, 10, [], [], 0.601
69:1, 18901:0, 18, 2, [], [], 0.602
69:1, 28387:0, 18, 2, [], [], 0.602
69:1, 47487:0, 18, 2, [], [], 0.602
69:1, 57907:12, 18, 12, [], [], 0.602
69:1, 71984:0, 18, 1, [], [], 0.602
69:1, 79691:0, 18, 2, [], [], 0.602
69:1, 94120:0, 18, 2, [], [], 0.602
69:1, 94545:12, 18, 10, [], [], 0.602
69:1, 33154:2, 18, 4, [], [], 0.603
69:1, 91442:3, 18, 46, [], [], 0.603
69:1, 10415:1, 18, 6, [], [], 0.604
69:1, 73596:3, 18, 9, [], [], 0.605
69:1, 60380:2, 18, 33, [], [], 0.609
69:1, 28576:0, 18, 80, [], [], 0.609
69:1, 28806:1, 18, 1, [], [], 0.609
69:1, 60107:0, 18, 15, [], [], 0.609
69:1, 60107:3, 18, 14, [], [], 0.609
69:1, 74616:1, 18, 49, [], [], 0.609
69:1, 74616:3, 18, 48, [], [], 0.609
69:1, 91192:0, 18, 88, [], [], 0.609
69:1, 78838:3, 18, 7, [], [], 0.611
69:1, 22895:0, 18, 30, [], [], 0.612
69:1, 97891:3, 18, 5, [], [], 0.619
69:1, 60933:2, 18, 14, [], [], 0.620
69:1, 10508:3, 18, 5, [], [], 0.621
69:1, 17166:4, 18, 0, [], [], 0.622
69:1, 28039:4, 18, 0, [], [], 0.622
69:1, 72334:4, 18, 0, [], [], 0.622
69:1, 79135:4, 18, 0, [], [], 0.622
69:1, 88405:4, 18, 0, [], [], 0.622
69:1, 94667:4, 18, 0, [], [], 0.622
69:1, 7509:2, 18, 16, [], [], 0.622
69:1, 72542:2, 18, 16, [], [], 0.622
69:1, 67966:2, 18, 0, [], [], 0.623
69:1, 83506:0, 18, 4, [], [], 0.624
69:1, 483:2, 18, 18, [], [], 0.625
69:1, 13736:4, 18, 16, [], [], 0.625
69:1, 33095:1, 18, 3, [], [], 0.625
69:1, 35027:5, 18, 6, [], [], 0.625
69:1, 42483:9, 18, 29, [], [], 0.625
69:1, 47705:8, 18, 1032, [], [], 0.625
69:1, 49283:5, 18, 1, [], [], 0.625
69:1, 50541:11, 18, 33, [], [], 0.625
69:1, 53669:2, 18, 19, [], [], 0.625
69:1, 55348:2, 18, 84, [], [], 0.625
69:1, 55419:8, 18, 46, [], [], 0.625
69:1, 55419:11, 18, 43, [], [], 0.625
69:1, 56743:9, 18, 29, [], [], 0.625
69:1, 63128:4, 18, 4, [], [], 0.625
69:1, 63266:8, 18, 11, [], [], 0.625
69:1, 68669:4, 18, 5, [], [], 0.625
69:1, 71439:2, 18, 21, [], [], 0.625
69:1, 77401:9, 18, 90, [], [], 0.625
69:1, 78037:0, 18, 27, [], [], 0.625
69:1, 79372:2, 18, 5, [], [], 0.625
69:1, 85258:1, 18, 11, [], [], 0.625
69:1, 94320:12, 18, 3, [], [], 0.625
69:1, 95210:9, 18, 90, [], [], 0.625
69:1, 65439:1, 18, 1, [], [], 0.626
69:1, 39977:3, 18, 6, [], [], 0.626
69:1, 91804:0, 18, 1563, [], [], 0.628
69:1, 97630:0, 18, 1429, [], [], 0.628
69:1, 86340:0, 18, 4, [], [], 0.631
69:1, 71854:5, 18, 5, [], [], 0.632
69:1, 3357:3, 18, 0, [], [], 0.633
69:1, 76508:7, 18, 260, [], [], 0.633
69:1, 79370:0, 18, 6, [], [], 0.633
69:1, 22895:0, 18, 33, [], [], 0.633
69:1, 23378:0, 18, 5, [], [], 0.633
69:1, 20910:8, 18, 122, [], [], 0.635
69:1, 87382:0, 18, 0, [], [], 0.636
69:1, 79363:0, 18, 4, [], [], 0.636
69:1, 6295:1, 19, 45, [], [], 0.373
69:1, 59093:0, 19, 71, [], [], 0.418
69:1, 53849:0, 19, 118, [], [], 0.435
69:1, 47575:4, 19, 5, [], [], 0.436
69:1, 6881:1, 19, 8, [], [], 0.442
69:1, 16089:1, 19, 6, [], [], 0.442
69:1, 25586:1, 19, 6, [], [], 0.442
69:1, 26062:1, 19, 6, [], [], 0.442
69:1, 29765:1, 19, 6, [], [], 0.442
69:1, 31837:1, 19, 8, [], [], 0.442
69:1, 37254:1, 19, 6, [], [], 0.442
69:1, 43228:1, 19, 6, [], [], 0.442
69:1, 45770:1, 19, 8, [], [], 0.442
69:1, 62417:1, 19, 8, [], [], 0.442
69:1, 64926:1, 19, 8, [], [], 0.442
69:1, 68271:1, 19, 8, [], [], 0.442
69:1, 70074:1, 19, 8, [], [], 0.442
69:1, 83805:1, 19, 8, [], [], 0.442
69:1, 84875:1, 19, 8, [], [], 0.442
69:1, 89139:1, 19, 8, [], [], 0.442
69:1, 93604:1, 19, 6, [], [], 0.442
69:1, 12619:0, 19, 77, [], [], 0.444
69:1, 34526:2, 19, 7, [], [], 0.448
69:1, 14854:0, 19, 8, [], [], 0.448
69:1, 89568:1, 19, 18, [], [], 0.448
69:1, 47625:4, 19, 173, [], [], 0.448
69:1, 4633:0, 19, 9, [], [], 0.449
69:1, 45784:0, 19, 94, [], [], 0.451
69:1, 64454:2, 19, 30, [], [], 0.451
69:1, 47322:1, 19, 1, [], [], 0.453
69:1, 66152:1, 19, 2, [], [], 0.453
69:1, 163:4, 19, 47, [], [], 0.454
69:1, 47146:0, 19, 70, [], [], 0.456
69:1, 84353:0, 19, 66, [], [], 0.456
69:1, 47705:4, 19, 605, [], [], 0.457
69:1, 79630:2, 19, 8, [], [], 0.461
69:1, 47625:4, 19, 276, [], [], 0.463
69:1, 47705:2, 19, 455, [], [], 0.464
69:1, 15306:3, 19, 6, [], [], 0.465
69:1, 42642:3, 19, 7, [], [], 0.465
69:1, 51089:0, 19, 29, [], [], 0.465
69:1, 1967:6, 19, 8, [], [], 0.466
69:1, 2065:3, 19, 5, [], [], 0.466
69:1, 6382:4, 19, 0, [], [], 0.466
69:1, 8276:5, 19, 86, [], [], 0.466
69:1, 18776:4, 19, 0, [], [], 0.466
69:1, 26852:6, 19, 6, [], [], 0.466
69:1, 34319:9, 19, 7, [], [], 0.466
69:1, 46429:4, 19, 2, [], [], 0.466
69:1, 47675:4, 19, 1, [], [], 0.466
69:1, 55600:1, 19, 1, [], [], 0.466
69:1, 58719:4, 19, 0, [], [], 0.466
69:1, 64234:1, 19, 0, [], [], 0.466
69:1, 70174:2, 19, 374, [], [], 0.466
69:1, 70174:3, 19, 378, [], [], 0.466
69:1, 70174:4, 19, 359, [], [], 0.466
69:1, 70174:5, 19, 358, [], [], 0.466
69:1, 87581:4, 19, 0, [], [], 0.466
69:1, 97627:5, 19, 60, [], [], 0.466
69:1, 4140:2, 19, 5, [], [], 0.467
69:1, 98850:6, 19, 2, [], [], 0.467
69:1, 57673:0, 19, 15, [], [], 0.468
69:1, 9496:0, 19, 114, [], [], 0.469
69:1, 84456:1, 19, 0, [], [], 0.469
69:1, 85459:0, 19, 2, [], [], 0.470
69:1, 40341:0, 19, 0, [], [], 0.473
69:1, 4591:3, 19, 9, [], [], 0.473
69:1, 79766:1, 19, 5, [], [], 0.473
69:1, 30348:3, 19, 120, [], [], 0.474
69:1, 84815:1, 19, 11, [], [], 0.475
69:1, 17778:1, 19, 1, [], [], 0.475
69:1, 96510:5, 19, 27, [], [], 0.475
69:1, 72634:4, 19, 30, [], [], 0.475
69:1, 92756:4, 19, 30, [], [], 0.475
69:1, 96718:1, 19, 11, [], [], 0.475
69:1, 9204:1, 19, 1, [], [], 0.475
69:1, 40044:3, 19, 1, [], [], 0.476
69:1, 61234:0, 19, 7, [], [], 0.476
69:1, 27561:9, 19, 19, [], [], 0.477
69:1, 46187:9, 19, 19, [], [], 0.477
69:1, 97804:0, 19, 58, [], [], 0.477
69:1, 92043:7, 19, 6, [], [], 0.477
69:1, 84693:2, 19, 78, [], [], 0.477
69:1, 26149:1, 19, 1, [], [], 0.478
69:1, 36973:3, 19, 99, [], [], 0.479
69:1, 7599:1, 19, 73, [], [], 0.479
69:1, 57431:7, 19, 7, [], [], 0.479
69:1, 98930:3, 19, 2, [], [], 0.479
69:1, 99007:1, 19, 80, [], [], 0.479
69:1, 51465:1, 19, 6, [], [], 0.480
69:1, 93488:1, 19, 3, [], [], 0.480
69:1, 19665:7, 19, 41, [], [], 0.480
69:1, 36327:7, 19, 44, [], [], 0.480
69:1, 53261:2, 19, 66, [], [], 0.480
69:1, 62928:8, 19, 203, [], [], 0.480
69:1, 71119:6, 19, 0, [], [], 0.480
69:1, 79086:7, 19, 158, [], [], 0.480
69:1, 56138:2, 19, 5, [], [], 0.481
69:1, 452:1, 19, 2, [], [], 0.481
69:1, 38603:0, 19, 29, [], [], 0.481
69:1, 47705:8, 20, 399, [], [], 0.000
69:1, 26856:2, 20, 59, [], [], 0.459
69:1, 7712:4, 20, 0, [], [], 0.466
69:1, 22271:4, 20, 0, [], [], 0.466
69:1, 82384:0, 20, 0, [], [], 0.467
69:1, 64353:0, 20, 78, [], [], 0.494
69:1, 15893:1, 20, 7, [], [], 0.494
69:1, 4942:1, 20, 12, [], [], 0.497
69:1, 11627:4, 20, 18, [], [], 0.497
69:1, 53639:1, 20, 0, [], [], 0.497
69:1, 55273:3, 20, 27, [], [], 0.497
69:1, 67032:0, 20, 11, [], [], 0.508
69:1, 71784:1, 20, 183, [], [], 0.513
69:1, 35889:0, 20, 6, [], [], 0.515
69:1, 13864:1, 20, 77, [], [], 0.518
69:1, 80764:1, 20, 1, [], [], 0.520
69:1, 97804:4, 20, 5, [], [], 0.528
69:1, 5868:4, 20, 2, [], [], 0.529
69:1, 60933:0, 20, 28, [], [], 0.531
69:1, 34126:3, 20, 8, [], [], 0.533
69:1, 70954:0, 20, 4, [], [], 0.533
69:1, 30380:1, 20, 1, [], [], 0.534
69:1, 61049:0, 20, 4, [], [], 0.535
69:1, 81326:0, 20, 3, [], [], 0.535
69:1, 30348:0, 20, 245, [], [], 0.535
69:1, 95662:2, 20, 24, [], [], 0.536
69:1, 80242:0, 20, 1, [], [], 0.537
69:1, 27561:15, 20, 20, [], [], 0.538
69:1, 46187:15, 20, 20, [], [], 0.538
69:1, 24341:4, 20, 406, [], [], 0.540
69:1, 4942:1, 20, 11, [], [], 0.542
69:1, 34949:0, 20, 2, [], [], 0.543
69:1, 36294:1, 20, 12, [], [], 0.543
69:1, 5412:0, 20, 32, [], [], 0.543
69:1, 56101:4, 20, 184, [], [], 0.544
69:1, 78351:4, 20, 84, [], [], 0.544
69:1, 38980:1, 20, 3, [], [], 0.544
69:1, 49533:3, 20, 2, [], [], 0.545
69:1, 42818:2, 20, 4, [], [], 0.545
69:1, 3390:0, 20, 3, [], [], 0.546
69:1, 29776:3, 20, 13, [], [], 0.546
69:1, 35225:3, 20, 18, [], [], 0.546
69:1, 42671:3, 20, 13, [], [], 0.546
69:1, 54584:3, 20, 21, [], [], 0.546
69:1, 6758:7, 20, 19, [], [], 0.546
69:1, 84316:0, 20, 4, [], [], 0.547
69:1, 35710:3, 20, 3, [], [], 0.548
69:1, 40660:0, 20, 2, [], [], 0.549
69:1, 5988:0, 20, 11, [], [], 0.549
69:1, 54015:18, 20, 283, [], [], 0.549
69:1, 32693:1, 20, 21, [], [], 0.550
69:1, 65533:5, 20, 230, [], [], 0.551
69:1, 40575:0, 20, 346, [], [], 0.551
69:1, 84162:0, 20, 49, [], [], 0.553
69:1, 95574:0, 20, 34, [], [], 0.553
69:1, 29994:4, 20, 26, [], [], 0.553
69:1, 73532:4, 20, 2, [], [], 0.553
69:1, 95759:0, 20, 13, [], [], 0.554
69:1, 74757:0, 20, 9, [], [], 0.555
69:1, 44083:0, 20, 3, [], [], 0.555
69:1, 59280:0, 20, 1, [], [], 0.555
69:1, 18300:4, 20, 66, [], [], 0.555
69:1, 22618:3, 20, 36, [], [], 0.555
69:1, 90962:1, 20, 65, [], [], 0.556
69:1, 75312:1, 20, 19, [], [], 0.556
69:1, 83528:2, 20, 3, [], [], 0.556
69:1, 88708:2, 20, 12, [], [], 0.557
69:1, 86907:1, 20, 5, [], [], 0.558
69:1, 10731:0, 20, 8, [], [], 0.558
69:1, 6781:4, 20, 12, [], [], 0.558
69:1, 61718:5, 20, 121, [], [], 0.558
69:1, 2059:5, 20, 1, [], [], 0.558
69:1, 7438:1, 20, 0, [], [], 0.558
69:1, 7438:2, 20, 0, [], [], 0.558
69:1, 7438:3, 20, 0, [], [], 0.558
69:1, 7438:4, 20, 0, [], [], 0.558
69:1, 7438:5, 20, 0, [], [], 0.558
69:1, 7438:6, 20, 0, [], [], 0.558
69:1, 7438:7, 20, 0, [], [], 0.558
69:1, 7438:8, 20, 0, [], [], 0.558
69:1, 7438:9, 20, 0, [], [], 0.558
69:1, 7438:10, 20, 0, [], [], 0.558
69:1, 30237:2, 20, 28, [], [], 0.558
69:1, 37506:3, 20, 0, [], [], 0.558
69:1, 42115:3, 20, 6, [], [], 0.558
69:1, 50975:2, 20, 0, [], [], 0.558
69:1, 68748:2, 20, 22, [], [], 0.558
69:1, 98774:0, 20, 6, [], [], 0.558
69:1, 62094:3, 20, 6, [], [], 0.559
69:1, 99039:1, 20, 7, [], [], 0.559
69:1, 13861:2, 20, 3, [], [], 0.560
69:1, 62173:2, 20, 3, [], [], 0.560
69:1, 69690:2, 20, 28, [], [], 0.560
69:1, 6499:1, 20, 50, [], [], 0.560
69:1, 98022:1, 20, 4, [], [], 0.560
69:1, 97916:6, 20, 63, [], [], 0.561
69:1, 78021:1, 20, 112, [], [], 0.561
69:1, 70800:4, 20, 1, [], [], 0.561
69:1, 19101:3, 20, 97, [], [], 0.562
69:1, 98024:4, 20, 2143, [], [], 0.562
69:1, 2738:15, 21, 11, [], [], 0.312
69:1, 2738:16, 21, 8, [], [], 0.312
69:1, 5912:3, 21, 0, [], [], 0.312
69:1, 17952:2, 21, 30, [], [], 0.312
69:1, 27027:6, 21, 1, [], [], 0.312
69:1, 38526:4, 21, 4, [], [], 0.312
69:1, 39303:14, 21, 3, [], [], 0.312
69:1, 39303:19, 21, 2, [], [], 0.312
69:1, 46331:8, 21, 6, [], [], 0.312
69:1, 47823:1, 21, 4, [], [], 0.312
69:1, 48415:5, 21, 6, [], [], 0.312
69:1, 49858:17, 21, 0, [], [], 0.312
69:1, 51150:16, 21, 19, [], [], 0.312
69:1, 57278:4, 21, 18, [], [], 0.312
69:1, 66573:5, 21, 3, [], [], 0.312
69:1, 70174:1, 21, 144, [], [], 0.312
69:1, 70174:2, 21, 152, [], [], 0.312
69:1, 79086:5, 21, 43, [], [], 0.312
69:1, 87188:2, 21, 9, [], [], 0.312
69:1, 92396:9, 21, 7, [], [], 0.312
69:1, 92418:6, 21, 0, [], [], 0.312
69:1, 97531:16, 21, 3, [], [], 0.312
69:1, 21288:4, 21, 2, [], [], 0.463
69:1, 56551:4, 21, 1, [], [], 0.463
69:1, 97225:4, 21, 108, [], [], 0.493
69:1, 43797:0, 21, 17, [], [], 0.522
69:1, 67906:0, 21, 15, [], [], 0.522
69:1, 76430:0, 21, 16, [], [], 0.522
69:1, 81663:0, 21, 22, [], [], 0.522
69:1, 83884:0, 21, 20, [], [], 0.522
69:1, 95778:0, 21, 15, [], [], 0.522
69:1, 95606:1, 21, 22, [], [], 0.549
69:1, 53422:6, 21, 7, [], [], 0.555
69:1, 92484:0, 21, 1, [], [], 0.557
69:1, 88145:4, 21, 0, [], [], 0.557
69:1, 859:0, 21, 8, [], [], 0.563
69:1, 76097:1, 21, 40, [], [], 0.568
69:1, 59189:1, 21, 10, [], [], 0.569
69:1, 40222:1, 21, 75, [], [], 0.574
69:1, 38130:0, 21, 62, [], [], 0.577
69:1, 67946:0, 21, 270, [], [], 0.577
69:1, 27656:0, 21, 48, [], [], 0.577
69:1, 74164:1, 21, 10, [], [], 0.581
69:1, 56208:2, 21, 115, [], [], 0.582
69:1, 61489:1, 21, 114, [], [], 0.582
69:1, 84604:2, 21, 115, [], [], 0.582
69:1, 74141:3, 21, 6, [], [], 0.587
69:1, 25426:2, 21, 296, [], [], 0.588
69:1, 70174:1, 21, 143, [], [], 0.591
69:1, 70174:2, 21, 151, [], [], 0.591
69:1, 70174:3, 21, 157, [], [], 0.591
69:1, 70174:4, 21, 141, [], [], 0.591
69:1, 70174:5, 21, 151, [], [], 0.591
69:1, 74410:5, 21, 6, [], [], 0.591
69:1, 99913:3, 21, 1, [], [], 0.591
69:1, 10916:0, 21, 56, [], [], 0.597
69:1, 77393:0, 21, 38, [], [], 0.597
69:1, 11254:1, 21, 82, [], [], 0.598
69:1, 8155:0, 21, 58, [], [], 0.599
69:1, 33472:0, 21, 22, [], [], 0.600
69:1, 55273:3, 21, 16, [], [], 0.603
69:1, 74444:4, 21, 39, [], [], 0.603
69:1, 27712:2, 21, 17, [], [], 0.603
69:1, 58101:0, 21, 5, [], [], 0.608
69:1, 31423:3, 21, 160, [], [], 0.608
69:1, 655:4, 21, 7, [], [], 0.613
69:1, 12304:2, 21, 300, [], [], 0.614
69:1, 95686:0, 21, 17, [], [], 0.616
69:1, 2057:4, 21, 4, [], [], 0.618
69:1, 3442:4, 21, 4, [], [], 0.618
69:1, 3965:4, 21, 4, [], [], 0.618
69:1, 4088:4, 21, 4, [], [], 0.618
69:1, 6687:4, 21, 4, [], [], 0.618
69:1, 8582:4, 21, 1, [], [], 0.618
69:1, 20217:4, 21, 4, [], [], 0.618
69:1, 35236:4, 21, 4, [], [], 0.618
69:1, 35574:4, 21, 4, [], [], 0.618
69:1, 36077:4, 21, 4, [], [], 0.618
69:1, 37175:4, 21, 4, [], [], 0.618
69:1, 38399:4, 21, 4, [], [], 0.618
69:1, 42372:4, 21, 4, [], [], 0.618
69:1, 42748:4, 21, 4, [], [], 0.618
69:1, 46202:4, 21, 4, [], [], 0.618
69:1, 58811:4, 21, 4, [], [], 0.618
69:1, 58853:4, 21, 4, [], [], 0.618
69:1, 60864:4, 21, 4, [], [], 0.618
69:1, 66864:4, 21, 4, [], [], 0.618
69:1, 67045:4, 21, 4, [], [], 0.618
69:1, 67353:4, 21, 4, [], [], 0.618
69:1, 69075:4, 21, 4, [], [], 0.618
69:1, 77230:4, 21, 4, [], [], 0.618
69:1, 81124:4, 21, 4, [], [], 0.618
69:1, 81153:4, 21, 4, [], [], 0.618
69:1, 81626:4, 21, 4, [], [], 0.618
69:1, 84725:4, 21, 4, [], [], 0.618
69:1, 84844:4, 21, 0, [], [], 0.618
69:1, 87446:4, 21, 4, [], [], 0.618
69:1, 89276:4, 21, 4, [], [], 0.618
69:1, 97660:4, 21, 4, [], [], 0.618
69:1, 88884:3, 21, 259, [], [], 0.619
69:1, 75864:3, 22, 689, [], [], 0.477
69:1, 24453:2, 22, 20, [], [], 0.494
69:1, 42845:2, 22, 20, [], [], 0.494
69:1, 81651:2, 22, 20, [], [], 0.494
69:1, 72710:0, 22, 1816, [], [], 0.541
69:1, 90821:5, 22, 4, [], [], 0.542
69:1, 73705:0, 22, 28, [], [], 0.558
69:1, 26227:1, 22, 20, [], [], 0.567
69:1, 60933:0, 22, 114, [], [], 0.569
69:1, 84768:1, 22, 1, [], [], 0.574
69:1, 8290:0, 22, 7, [], [], 0.576
69:1, 36137:0, 22, 3, [], [], 0.576
69:1, 72710:0, 22, 1553, [], [], 0.581
69:1, 95548:3, 22, 37, [], [], 0.588
69:1, 75864:3, 22, 445, [], [], 0.592
69:1, 59223:0, 22, 4, [], [], 0.595
69:1, 63714:3, 22, 815, [], [], 0.595
69:1, 22564:1, 22, 2, [], [], 0.595
69:1, 35328:1, 22, 1, [], [], 0.595
69:1, 36787:1, 22, 4, [], [], 0.595
69:1, 59133:3, 22, 5, [], [], 0.595
69:1, 81682:1, 22, 1, [], [], 0.595
69:1, 92893:2, 22, 1, [], [], 0.595
69:1, 18186:0, 22, 12, [], [], 0.598
69:1, 70765:0, 22, 6, [], [], 0.598
69:1, 79234:0, 22, 9, [], [], 0.598
69:1, 18707:1, 22, 2, [], [], 0.600
69:1, 82338:1, 22, 2, [], [], 0.600
69:1, 52383:1, 22, 159, [], [], 0.602
69:1, 65868:3, 22, 20, [], [], 0.602
69:1, 75864:3, 22, 444, [], [], 0.602
69:1, 40029:3, 22, 3, [], [], 0.605
69:1, 75864:2, 22, 827, [], [], 0.605
69:1, 32511:8, 22, 133, [], [], 0.606
69:1, 36327:7, 22, 59, [], [], 0.606
69:1, 42059:4, 22, 14, [], [], 0.606
69:1, 79928:3, 22, 0, [], [], 0.606
69:1, 11247:9, 22, 6, [], [], 0.606
69:1, 42384:0, 22, 2, [], [], 0.607
69:1, 25656:1, 22, 83, [], [], 0.611
69:1, 22963:1, 22, 1, [], [], 0.612
69:1, 87329:7, 22, 71, [], [], 0.613
69:1, 7224:2, 22, 395, [], [], 0.619
69:1, 8591:1, 22, 5, [], [], 0.619
69:1, 75864:2, 22, 1034, [], [], 0.619
69:1, 27503:1, 22, 8, [], [], 0.620
69:1, 3963:1, 22, 3, [], [], 0.622
69:1, 5373:1, 22, 3, [], [], 0.622
69:1, 5675:1, 22, 3, [], [], 0.622
69:1, 15460:1, 22, 3, [], [], 0.622
69:1, 36730:1, 22, 3, [], [], 0.622
69:1, 37353:1, 22, 3, [], [], 0.622
69:1, 43170:1, 22, 3, [], [], 0.622
69:1, 44389:1, 22, 3, [], [], 0.622
69:1, 61015:1, 22, 3, [], [], 0.622
69:1, 16622:0, 22, 505, [], [], 0.623
69:1, 67446:0, 22, 4, [], [], 0.623
69:1, 36425:1, 22, 344, [], [], 0.623
69:1, 17921:0, 22, 0, [], [], 0.625
69:1, 29807:3, 22, 1, [], [], 0.625
69:1, 36912:1, 22, 4, [], [], 0.625
69:1, 40575:1, 22, 4, [], [], 0.625
69:1, 61251:2, 22, 0, [], [], 0.625
69:1, 69642:0, 22, 0, [], [], 0.625
69:1, 98024:0, 22, 27, [], [], 0.625
69:1, 40497:0, 22, 21, [], [], 0.628
69:1, 46635:0, 22, 1, [], [], 0.628
69:1, 54151:0, 22, 18, [], [], 0.628
69:1, 55603:0, 22, 8, [], [], 0.628
69:1, 64341:0, 22, 3, [], [], 0.628
69:1, 77401:4, 22, 43, [], [], 0.628
69:1, 79252:0, 22, 14, [], [], 0.628
69:1, 95210:4, 22, 43, [], [], 0.628
69:1, 98137:0, 22, 10, [], [], 0.628
69:1, 14904:0, 22, 104, [], [], 0.629
69:1, 97504:4, 22, 2, [], [], 0.630
69:1, 70743:1, 22, 13, [], [], 0.631
69:1, 80079:1, 22, 19, [], [], 0.631
69:1, 25656:1, 22, 104, [], [], 0.632
69:1, 82781:1, 22, 8, [], [], 0.632
69:1, 82781:2, 22, 8, [], [], 0.632
69:1, 18562:0, 22, 235, [], [], 0.634
69:1, 28697:4, 22, 0, [], [], 0.636
69:1, 17263:0, 22, 15, [], [], 0.637
69:1, 7224:3, 22, 165, [], [], 0.638
69:1, 28610:0, 22, 3, [], [], 0.638
69:1, 72710:1, 22, 1113, [], [], 0.638
69:1, 86885:3, 22, 220, [], [], 0.638
69:1, 37264:0, 22, 1, [], [], 0.641
69:1, 64936:3, 22, 0, [], [], 0.643
69:1, 56817:2, 22, 1, [], [], 0.643
69:1, 61963:2, 22, 1, [], [], 0.643
69:1, 72164:2, 22, 1, [], [], 0.643
69:1, 87329:11, 22, 9, [], [], 0.643
69:1, 91442:1, 22, 103, [], [], 0.644
69:1, 21686:1, 22, 0, [], [], 0.644
69:1, 16903:0, 22, 2, [], [], 0.644
69:1, 8752:3, 22, 4, [], [], 0.645
69:1, 32629:3, 22, 3, [], [], 0.645
69:1, 72710:1, 22, 2087, [], [], 0.647
69:1, 84985:0, 23, 24, [], [], 0.241
69:1, 72710:1, 23, 634, [], [], 0.243
69:1, 98561:0, 23, 0, [], [], 0.256
69:1, 67932:1, 23, 3, [], [], 0.276
69:1, 1141:2, 23, 7, [], [], 0.277
69:1, 12304:2, 23, 6, [], [], 0.277
69:1, 30295:2, 23, 7, [], [], 0.277
69:1, 50438:2, 23, 1, [], [], 0.277
69:1, 92302:2, 23, 2, [], [], 0.277
69:1, 91634:1, 23, 210, [], [], 0.278
69:1, 71784:1, 23, 430, [], [], 0.278
69:1, 76875:1, 23, 7, [], [], 0.280
69:1, 32471:0, 23, 1, [], [], 0.281
69:1, 37008:0, 23, 1, [], [], 0.281
69:1, 4340:0, 23, 1212, [], [], 0.282
69:1, 36296:0, 23, 110, [], [], 0.283
69:1, 40396:0, 23, 381, [], [], 0.283
69:1, 39486:2, 23, 180, [], [], 0.283
69:1, 25998:0, 23, 3, [], [], 0.286
69:1, 27382:1, 23, 2, [], [], 0.287
69:1, 54973:2, 23, 30, [], [], 0.288
69:1, 80197:2, 23, 29, [], [], 0.288
69:1, 56588:0, 23, 61, [], [], 0.288
69:1, 2952:0, 23, 19, [], [], 0.288
69:1, 25457:0, 23, 5, [], [], 0.293
69:1, 98439:0, 23, 5, [], [], 0.294
69:1, 89038:0, 23, 29, [], [], 0.294
69:1, 72192:2, 23, 43, [], [], 0.294
69:1, 22250:3, 23, 13, [], [], 0.296
69:1, 56068:2, 23, 5, [], [], 0.296
69:1, 56509:1, 23, 1, [], [], 0.298
69:1, 80320:0, 23, 11, [], [], 0.298
69:1, 24722:3, 23, 49, [], [], 0.299
69:1, 74864:1, 23, 7, [], [], 0.299
69:1, 83127:1, 23, 20, [], [], 0.299
69:1, 61069:2, 23, 4, [], [], 0.300
69:1, 11480:3, 23, 74, [], [], 0.301
69:1, 65207:2, 23, 18, [], [], 0.301
69:1, 19901:1, 23, 4, [], [], 0.301
69:1, 18949:0, 23, 75, [], [], 0.302
69:1, 53280:0, 23, 1, [], [], 0.302
69:1, 62489:2, 23, 1274, [], [], 0.302
69:1, 37171:2, 23, 32, [], [], 0.302
69:1, 21249:7, 23, 20, [], [], 0.303
69:1, 72634:3, 23, 25, [], [], 0.303
69:1, 92756:3, 23, 25, [], [], 0.303
69:1, 7153:1, 23, 12, [], [], 0.303
69:1, 35848:0, 23, 430, [], [], 0.303
69:1, 5859:2, 23, 13, [], [], 0.305
69:1, 22448:2, 23, 13, [], [], 0.305
69:1, 84431:2, 23, 13, [], [], 0.305
69:1, 26511:0, 23, 687, [], [], 0.305
69:1, 72532:0, 23, 0, [], [], 0.305
69:1, 25457:0, 23, 28, [], [], 0.306
69:1, 71667:0, 23, 9, [], [], 0.306
69:1, 64185:1, 23, 1, [], [], 0.306
69:1, 26511:0, 23, 677, [], [], 0.307
69:1, 3198:0, 23, 0, [], [], 0.307
69:1, 81412:1, 23, 6, [], [], 0.307
69:1, 25457:0, 23, 29, [], [], 0.307
69:1, 57197:7, 23, 37, [], [], 0.308
69:1, 6591:2, 23, 2, [], [], 0.309
69:1, 27512:2, 23, 2, [], [], 0.309
69:1, 30143:0, 23, 14, [], [], 0.309
69:1, 91908:6, 23, 9, [], [], 0.309
69:1, 31634:4, 23, 13, [], [], 0.309
69:1, 21070:3, 23, 26, [], [], 0.309
69:1, 55153:2, 23, 67, [], [], 0.309
69:1, 18171:1, 23, 0, [], [], 0.310
69:1, 47800:2, 23, 45, [], [], 0.310
69:1, 97335:2, 23, 4, [], [], 0.311
69:1, 18287:1, 23, 489, [], [], 0.311
69:1, 33848:1, 23, 10, [], [], 0.311
69:1, 47736:3, 23, 7, [], [], 0.311
69:1, 29255:2, 23, 0, [], [], 0.311
69:1, 34309:2, 23, 7, [], [], 0.311
69:1, 38727:2, 23, 12, [], [], 0.311
69:1, 55182:2, 23, 7, [], [], 0.311
69:1, 27203:6, 23, 0, [], [], 0.311
69:1, 96774:2, 23, 3, [], [], 0.312
69:1, 56641:3, 23, 8, [], [], 0.313
69:1, 30143:0, 23, 15, [], [], 0.313
69:1, 20244:6, 23, 1, [], [], 0.313
69:1, 56760:8, 23, 56, [], [], 0.313
69:1, 17956:8, 23, 7, [], [], 0.313
69:1, 77169:5, 23, 7, [], [], 0.313
69:1, 15682:0, 23, 15, [], [], 0.313
69:1, 77377:3, 23, 36, [], [], 0.313
69:1, 26606:0, 23, 296, [], [], 0.314
69:1, 70753:0, 23, 5, [], [], 0.314
69:1, 64936:1, 23, 69, [], [], 0.314
69:1, 24296:6, 23, 2, [], [], 0.315
69:1, 54136:0, 23, 2, [], [], 0.315
69:1, 15593:1, 23, 7, [], [], 0.315
69:1, 43896:3, 23, 1, [], [], 0.315
69:1, 76044:4, 23, 846, [], [], 0.315
69:1, 64817:1, 23, 7, [], [], 0.316
69:1, 72343:3, 23, 36, [], [], 0.316
69:1, 16592:0, 23, 55, [], [], 0.317
69:1, 36880:2, 23, 2, [], [], 0.317
69:1, 27880:45, 24, 19, [], [], 0.000
69:1, 65249:3, 24, 3, [], [], 0.637
69:1, 83836:1, 24, 7, [], [], 0.648
69:1, 86885:5, 24, 370, [], [], 0.648
69:1, 86885:7, 24, 592, [], [], 0.654
69:1, 71170:2, 24, 0, [], [], 0.657
69:1, 84061:1, 24, 84, [], [], 0.662
69:1, 89806:2, 24, 2319, [], [], 0.669
69:1, 49087:1, 24, 1, [], [], 0.672
69:1, 59798:0, 24, 1, [], [], 0.673
69:1, 23406:0, 24, 13, [], [], 0.676
69:1, 54676:0, 24, 11, [], [], 0.677
69:1, 31423:2, 24, 165, [], [], 0.678
69:1, 53361:4, 24, 9, [], [], 0.681
69:1, 31423:2, 24, 836, [], [], 0.682
69:1, 98024:4, 24, 1534, [], [], 0.685
69:1, 75864:0, 24, 1004, [], [], 0.688
69:1, 89806:2, 24, 1025, [], [], 0.688
69:1, 37682:5, 24, 9, [], [], 0.689
69:1, 23406:0, 24, 19, [], [], 0.690
69:1, 78576:11, 24, 8, [], [], 0.692
69:1, 38029:2, 24, 39, [], [], 0.693
69:1, 90029:2, 24, 1, [], [], 0.694
69:1, 76544:6, 24, 15, [], [], 0.698
69:1, 61588:4, 24, 40, [], [], 0.698
69:1, 85377:4, 24, 0, [], [], 0.700
69:1, 89806:2, 24, 1945, [], [], 0.702
69:1, 15375:0, 24, 4, [], [], 0.702
69:1, 89806:0, 24, 352, [], [], 0.702
69:1, 15399:0, 24, 1, [], [], 0.705
69:1, 23406:0, 24, 22, [], [], 0.705
69:1, 57703:3, 24, 2, [], [], 0.705
69:1, 89806:0, 24, 462, [], [], 0.705
69:1, 96150:0, 24, 8, [], [], 0.705
69:1, 89806:2, 24, 1133, [], [], 0.705
69:1, 6619:0, 24, 3, [], [], 0.706
69:1, 36007:3, 24, 295, [], [], 0.706
69:1, 17096:0, 24, 56, [], [], 0.707
69:1, 63120:0, 24, 954, [], [], 0.709
69:1, 75864:0, 24, 280, [], [], 0.710
69:1, 97916:1, 24, 104, [], [], 0.710
69:1, 76044:0, 24, 111, [], [], 0.710
69:1, 93410:0, 24, 18, [], [], 0.711
69:1, 89806:0, 24, 2444, [], [], 0.713
69:1, 91061:2, 24, 517, [], [], 0.713
69:1, 11367:1, 24, 13, [], [], 0.713
69:1, 76388:2, 24, 16, [], [], 0.713
69:1, 89806:0, 24, 1001, [], [], 0.713
69:1, 3734:0, 24, 169, [], [], 0.713
69:1, 87614:3, 24, 99, [], [], 0.714
69:1, 91061:2, 24, 199, [], [], 0.714
69:1, 96904:0, 24, 12, [], [], 0.714
69:1, 3374:0, 24, 12, [], [], 0.715
69:1, 89806:0, 24, 2003, [], [], 0.715
69:1, 90317:3, 24, 343, [], [], 0.716
69:1, 91061:2, 24, 698, [], [], 0.716
69:1, 98263:2, 24, 1, [], [], 0.716
69:1, 3734:0, 24, 510, [], [], 0.716
69:1, 73730:1, 24, 0, [], [], 0.716
69:1, 19086:1, 24, 4, [], [], 0.717
69:1, 73693:0, 24, 3, [], [], 0.719
69:1, 98024:4, 24, 1205, [], [], 0.719
69:1, 75864:0, 24, 65, [], [], 0.720
69:1, 61146:0, 24, 47, [], [], 0.720
69:1, 77063:0, 24, 2, [], [], 0.720
69:1, 6924:0, 24, 36, [], [], 0.720
69:1, 19607:0, 24, 51, [], [], 0.720
69:1, 42588:0, 24, 49, [], [], 0.720
69:1, 45679:0, 24, 40, [], [], 0.720
69:1, 52307:0, 24, 30, [], [], 0.720
69:1, 61334:0, 24, 53, [], [], 0.720
69:1, 89806:0, 24, 1447, [], [], 0.720
69:1, 76544:6, 24, 20, [], [], 0.721
69:1, 89806:0, 24, 777, [], [], 0.722
69:1, 34849:0, 24, 25, [], [], 0.723
69:1, 52770:0, 24, 58, [], [], 0.723
69:1, 33165:3, 24, 11, [], [], 0.723
69:1, 90037:2, 24, 7, [], [], 0.723
69:1, 3734:0, 24, 30, [], [], 0.723
69:1, 36729:1, 24, 10, [], [], 0.724
69:1, 45029:0, 24, 1, [], [], 0.725
69:1, 24143:0, 24, 39, [], [], 0.725
69:1, 51932:0, 24, 1, [], [], 0.725
69:1, 39319:1, 24, 1, [], [], 0.725
69:1, 31020:6, 24, 21, [], [], 0.727
69:1, 72879:1, 24, 2, [], [], 0.727
69:1, 63120:0, 24, 987, [], [], 0.729
69:1, 44939:1, 24, 118, [], [], 0.729
69:1, 39272:1, 24, 19, [], [], 0.729
69:1, 92697:12, 24, 5, [], [], 0.729
69:1, 31423:2, 24, 835, [], [], 0.729
69:1, 80258:2, 24, 4, [], [], 0.731
69:1, 92566:1, 24, 5, [], [], 0.731
69:1, 94256:1, 24, 15, [], [], 0.731
69:1, 63783:1, 24, 1, [], [], 0.731
69:1, 90247:1, 24, 7, [], [], 0.731
69:1, 64021:1, 24, 65, [], [], 0.731
69:1, 20586:1, 24, 9, [], [], 0.732
69:1, 89806:2, 24, 1723, [], [], 0.732
69:1, 3734:0, 24, 535, [], [], 0.732
69:1, 21511:3, 25, 11, [], [], 0.226
69:1, 78410:1, 25, 0, [], [], 0.227
69:1, 946:1, 25, 14, [], [], 0.233
69:1, 85470:2, 25, 2, [], [], 0.239
69:1, 52079:2, 25, 1, [], [], 0.243
69:1, 82562:1, 25, 18, [], [], 0.247
69:1, 86583:3, 25, 24, [], [], 0.247
69:1, 21574:2, 25, 8, [], [], 0.247
69:1, 3335:3, 25, 2, [], [], 0.248
69:1, 77662:1, 25, 456, [], [], 0.251
69:1, 64555:1, 25, 8, [], [], 0.253
69:1, 52176:2, 25, 3, [], [], 0.254
69:1, 62091:1, 25, 50, [], [], 0.254
69:1, 91339:4, 25, 10, [], [], 0.255
69:1, 54256:4, 25, 13, [], [], 0.256
69:1, 32987:3, 25, 2, [], [], 0.257
69:1, 36688:3, 25, 3, [], [], 0.257
69:1, 7383:1, 25, 87, [], [], 0.258
69:1, 7911:0, 25, 353, [], [], 0.258
69:1, 51156:0, 25, 461, [], [], 0.258
69:1, 76328:0, 25, 461, [], [], 0.258
69:1, 93754:1, 25, 9, [], [], 0.258
69:1, 69593:0, 25, 2, [], [], 0.259
69:1, 21224:1, 25, 23, [], [], 0.259
69:1, 26511:1, 25, 601, [], [], 0.259
69:1, 39438:2, 25, 19, [], [], 0.259
69:1, 89806:1, 25, 1127, [], [], 0.260
69:1, 49562:1, 25, 21, [], [], 0.264
69:1, 72343:3, 25, 69, [], [], 0.266
69:1, 34483:0, 25, 19, [], [], 0.266
69:1, 76141:2, 25, 11, [], [], 0.266
69:1, 61615:3, 25, 68, [], [], 0.267
69:1, 79061:1, 25, 39, [], [], 0.269
69:1, 89508:0, 25, 25, [], [], 0.269
69:1, 56736:2, 25, 27, [], [], 0.269
69:1, 50342:2, 25, 12, [], [], 0.269
69:1, 64829:2, 25, 10, [], [], 0.269
69:1, 66920:2, 25, 10, [], [], 0.269
69:1, 64560:0, 25, 21, [], [], 0.270
69:1, 60428:1, 25, 22, [], [], 0.273
69:1, 77662:1, 25, 362, [], [], 0.273
69:1, 50463:4, 25, 0, [], [], 0.273
69:1, 61615:3, 25, 146, [], [], 0.274
69:1, 88884:3, 25, 164, [], [], 0.274
69:1, 89806:1, 25, 1457, [], [], 0.275
69:1, 90051:0, 25, 150, [], [], 0.275
69:1, 88821:1, 25, 3, [], [], 0.276
69:1, 97714:3, 25, 4, [], [], 0.276
69:1, 72343:3, 25, 86, [], [], 0.277
69:1, 17604:3, 25, 3, [], [], 0.277
69:1, 50710:2, 25, 4, [], [], 0.277
69:1, 35447:0, 25, 19, [], [], 0.278
69:1, 68768:7, 25, 1, [], [], 0.279
69:1, 35224:1, 25, 3, [], [], 0.279
69:1, 2833:3, 25, 210, [], [], 0.279
69:1, 214:5, 25, 0, [], [], 0.279
69:1, 14195:0, 25, 2, [], [], 0.279
69:1, 49063:0, 25, 2, [], [], 0.279
69:1, 53391:0, 25, 2, [], [], 0.279
69:1, 57907:10, 25, 25, [], [], 0.279
69:1, 57907:12, 25, 14, [], [], 0.279
69:1, 75174:3, 25, 0, [], [], 0.279
69:1, 82019:5, 25, 0, [], [], 0.279
69:1, 94545:10, 25, 16, [], [], 0.279
69:1, 94545:12, 25, 12, [], [], 0.279
69:1, 42555:1, 25, 95, [], [], 0.280
69:1, 39871:1, 25, 9, [], [], 0.280
69:1, 91025:2, 25, 2, [], [], 0.281
69:1, 46423:1, 25, 76, [], [], 0.281
69:1, 15857:1, 25, 0, [], [], 0.281
69:1, 59324:0, 25, 17, [], [], 0.282
69:1, 26511:1, 25, 411, [], [], 0.282
69:1, 68200:0, 25, 225, [], [], 0.282
69:1, 64187:1, 25, 16, [], [], 0.283
69:1, 26427:2, 25, 7, [], [], 0.283
69:1, 23236:2, 25, 5, [], [], 0.283
69:1, 77476:0, 25, 9, [], [], 0.284
69:1, 69752:0, 25, 7, [], [], 0.284
69:1, 69752:1, 25, 12, [], [], 0.284
69:1, 41712:2, 25, 3, [], [], 0.284
69:1, 72343:3, 25, 125, [], [], 0.284
69:1, 46423:7, 25, 91, [], [], 0.285
69:1, 76248:3, 25, 90, [], [], 0.285
69:1, 87424:3, 25, 128, [], [], 0.285
69:1, 75115:2, 25, 1, [], [], 0.286
69:1, 2833:3, 25, 130, [], [], 0.286
69:1, 41053:3, 25, 244, [], [], 0.286
69:1, 88884:3, 25, 86, [], [], 0.286
69:1, 89806:1, 25, 1918, [], [], 0.286
69:1, 61995:1, 25, 0, [], [], 0.287
69:1, 83441:1, 25, 0, [], [], 0.287
69:1, 86302:2, 25, 4, [], [], 0.287
69:1, 73142:1, 25, 8, [], [], 0.287
69:1, 75708:1, 25, 8, [], [], 0.287
69:1, 36973:0, 25, 78, [], [], 0.287
69:1, 76248:3, 25, 127, [], [], 0.287
69:1, 77662:1, 25, 447, [], [], 0.288
69:1, 14320:0, 25, 60, [], [], 0.288
69:1, 43024:0, 25, 60, [], [], 0.288
69:1, 91927:1, 25, 31, [], [], 0.288
69:1, 66544:0, 26, 10, [], [], 0.433
69:1, 72311:3, 26, 6, [], [], 0.453
69:1, 47156:3, 26, 16, [], [], 0.478
69:1, 1542:0, 26, 3, [], [], 0.480
69:1, 23583:0, 26, 3, [], [], 0.480
69:1, 88270:0, 26, 3, [], [], 0.480
69:1, 97862:0, 26, 3, [], [], 0.480
69:1, 43133:0, 26, 64, [], [], 0.480
69:1, 26696:0, 26, 17, [], [], 0.483
69:1, 76404:1, 26, 37, [], [], 0.484
69:1, 97804:0, 26, 59, [], [], 0.484
69:1, 72071:6, 26, 214, [], [], 0.489
69:1, 289:1, 26, 10, [], [], 0.498
69:1, 2952:1, 26, 3, [], [], 0.498
69:1, 26549:1, 26, 13, [], [], 0.498
69:1, 37965:1, 26, 1, [], [], 0.498
69:1, 47675:1, 26, 5, [], [], 0.498
69:1, 48725:1, 26, 11, [], [], 0.498
69:1, 78130:1, 26, 15, [], [], 0.498
69:1, 13775:1, 26, 66, [], [], 0.499
69:1, 33398:0, 26, 284, [], [], 0.500
69:1, 91851:3, 26, 3, [], [], 0.503
69:1, 39092:0, 26, 42, [], [], 0.503
69:1, 98237:1, 26, 1, [], [], 0.505
69:1, 9856:1, 26, 2, [], [], 0.505
69:1, 44813:4, 26, 14, [], [], 0.505
69:1, 7268:3, 26, 3, [], [], 0.505
69:1, 26787:3, 26, 3, [], [], 0.505
69:1, 90677:3, 26, 5, [], [], 0.505
69:1, 92899:3, 26, 2, [], [], 0.505
69:1, 21208:1, 26, 3, [], [], 0.506
69:1, 9724:2, 26, 5, [], [], 0.507
69:1, 27891:2, 26, 5, [], [], 0.507
69:1, 41747:2, 26, 5, [], [], 0.507
69:1, 49910:2, 26, 4, [], [], 0.507
69:1, 57074:2, 26, 6, [], [], 0.507
69:1, 61388:2, 26, 8, [], [], 0.507
69:1, 77434:2, 26, 6, [], [], 0.507
69:1, 35573:1, 26, 2, [], [], 0.508
69:1, 49233:0, 26, 2, [], [], 0.509
69:1, 84749:1, 26, 8, [], [], 0.513
69:1, 62305:3, 26, 244, [], [], 0.513
69:1, 94128:0, 26, 1, [], [], 0.514
69:1, 64739:0, 26, 135, [], [], 0.515
69:1, 6808:0, 26, 0, [], [], 0.515
69:1, 9095:0, 26, 0, [], [], 0.515
69:1, 41293:3, 26, 1, [], [], 0.515
69:1, 50733:0, 26, 0, [], [], 0.515
69:1, 52910:0, 26, 6, [], [], 0.515
69:1, 57756:0, 26, 0, [], [], 0.515
69:1, 57825:0, 26, 1, [], [], 0.515
69:1, 76864:0, 26, 0, [], [], 0.515
69:1, 80704:0, 26, 1, [], [], 0.515
69:1, 83067:1, 26, 0, [], [], 0.515
69:1, 88567:0, 26, 0, [], [], 0.515
69:1, 65589:0, 26, 6, [], [], 0.517
69:1, 47309:3, 26, 3, [], [], 0.517
69:1, 24210:1, 26, 58, [], [], 0.518
69:1, 15644:0, 26, 412, [], [], 0.519
69:1, 54658:2, 26, 539, [], [], 0.520
69:1, 44939:1, 26, 137, [], [], 0.524
69:1, 16622:3, 26, 118, [], [], 0.524
69:1, 51355:0, 26, 4, [], [], 0.524
69:1, 93532:0, 26, 0, [], [], 0.524
69:1, 20242:2, 26, 12, [], [], 0.524
69:1, 33948:1, 26, 23, [], [], 0.524
69:1, 53929:0, 26, 3, [], [], 0.525
69:1, 81932:0, 26, 12, [], [], 0.525
69:1, 18562:0, 26, 191, [], [], 0.526
69:1, 77008:0, 26, 128, [], [], 0.526
69:1, 2150:1, 26, 39, [], [], 0.526
69:1, 95827:2, 26, 17, [], [], 0.526
69:1, 11942:0, 26, 0, [], [], 0.527
69:1, 57391:1, 26, 6, [], [], 0.527
69:1, 98261:0, 26, 4, [], [], 0.527
69:1, 39963:1, 26, 2, [], [], 0.527
69:1, 38889:2, 26, 43, [], [], 0.529
69:1, 84552:2, 26, 3, [], [], 0.529
69:1, 44939:1, 26, 184, [], [], 0.529
69:1, 94644:2, 26, 3, [], [], 0.531
69:1, 88743:0, 26, 187, [], [], 0.531
69:1, 1020:1, 26, 0, [], [], 0.532
69:1, 1607:1, 26, 0, [], [], 0.532
69:1, 5965:1, 26, 1, [], [], 0.532
69:1, 20499:1, 26, 0, [], [], 0.532
69:1, 29781:1, 26, 1, [], [], 0.532
69:1, 30254:1, 26, 1, [], [], 0.532
69:1, 36394:1, 26, 0, [], [], 0.532
69:1, 39410:1, 26, 0, [], [], 0.532
69:1, 62282:1, 26, 0, [], [], 0.532
69:1, 62521:1, 26, 0, [], [], 0.532
69:1, 83902:1, 26, 0, [], [], 0.532
69:1, 71584:0, 26, 4, [], [], 0.533
69:1, 99263:0, 26, 5, [], [], 0.534
69:1, 86885:6, 26, 578, [], [], 0.534
69:1, 43314:0, 26, 6, [], [], 0.534
69:1, 9882:1, 26, 1, [], [], 0.535
69:1, 53929:3, 26, 3, [], [], 0.535
69:1, 8469:0, 26, 17, [], [], 0.536
69:1, 46332:1, 26, 4, [], [], 0.536
69:1, 3280:4, 27, 2, [], [], 0.316
69:1, 21665:4, 27, 58, [], [], 0.344
69:1, 97398:5, 27, 1, [], [], 0.346
69:1, 76610:3, 27, 4, [], [], 0.347
69:1, 35508:1, 27, 5, [], [], 0.349
69:1, 25708:2, 27, 158, [], [], 0.357
69:1, 45170:4, 27, 4, [], [], 0.358
69:1, 78832:2, 27, 8, [], [], 0.364
69:1, 5442:3, 27, 42, [], [], 0.368
69:1, 32841:3, 27, 42, [], [], 0.368
69:1, 59832:3, 27, 42, [], [], 0.368
69:1, 99574:3, 27, 42, [], [], 0.368
69:1, 26291:0, 27, 48, [], [], 0.370
69:1, 52103:0, 27, 43, [], [], 0.370
69:1, 88100:1, 27, 30, [], [], 0.370
69:1, 68905:4, 27, 290, [], [], 0.373
69:1, 35022:3, 27, 6, [], [], 0.377
69:1, 87846:3, 27, 63, [], [], 0.378
69:1, 93587:1, 27, 12, [], [], 0.379
69:1, 6296:2, 27, 79, [], [], 0.380
69:1, 97170:2, 27, 79, [], [], 0.380
69:1, 18714:5, 27, 17, [], [], 0.382
69:1, 50173:0, 27, 174, [], [], 0.383
69:1, 98024:1, 27, 2059, [], [], 0.384
69:1, 75165:1, 27, 8, [], [], 0.384
69:1, 35486:22, 27, 151, [], [], 0.386
69:1, 54005:22, 27, 151, [], [], 0.386
69:1, 2426:0, 27, 14, [], [], 0.387
69:1, 84953:1, 27, 10, [], [], 0.388
69:1, 41446:3, 27, 3, [], [], 0.389
69:1, 76280:0, 27, 183, [], [], 0.389
69:1, 98002:1, 27, 56, [], [], 0.389
69:1, 12125:1, 27, 7, [], [], 0.389
69:1, 34151:4, 27, 486, [], [], 0.390
69:1, 54315:0, 27, 34, [], [], 0.391
69:1, 44963:0, 27, 5, [], [], 0.391
69:1, 92124:1, 27, 25, [], [], 0.391
69:1, 69059:2, 27, 73, [], [], 0.392
69:1, 1944:1, 27, 4, [], [], 0.392
69:1, 35815:0, 27, 4, [], [], 0.392
69:1, 65135:3, 27, 0, [], [], 0.392
69:1, 56037:4, 27, 41, [], [], 0.393
69:1, 72957:0, 27, 3, [], [], 0.394
69:1, 67837:4, 27, 8, [], [], 0.395
69:1, 91377:4, 27, 19, [], [], 0.395
69:1, 20864:0, 27, 2, [], [], 0.396
69:1, 65850:0, 27, 14, [], [], 0.397
69:1, 51838:2, 27, 1, [], [], 0.397
69:1, 5867:0, 27, 9, [], [], 0.397
69:1, 65850:0, 27, 28, [], [], 0.398
69:1, 30695:0, 27, 7, [], [], 0.398
69:1, 96113:0, 27, 2, [], [], 0.398
69:1, 88605:4, 27, 3, [], [], 0.398
69:1, 33398:0, 27, 166, [], [], 0.398
69:1, 56182:2, 27, 22, [], [], 0.398
69:1, 99933:1, 27, 1, [], [], 0.399
69:1, 54436:4, 27, 86, [], [], 0.399
69:1, 94687:1, 27, 2, [], [], 0.399
69:1, 37029:1, 27, 14, [], [], 0.400
69:1, 89505:2, 27, 27, [], [], 0.400
69:1, 19550:4, 27, 32, [], [], 0.400
69:1, 75680:1, 27, 644, [], [], 0.400
69:1, 34652:1, 27, 1, [], [], 0.400
69:1, 84110:0, 27, 0, [], [], 0.401
69:1, 18287:1, 27, 587, [], [], 0.401
69:1, 81849:1, 27, 124, [], [], 0.401
69:1, 8098:2, 27, 10, [], [], 0.402
69:1, 91840:3, 27, 22, [], [], 0.402
69:1, 82988:2, 27, 32, [], [], 0.403
69:1, 97714:0, 27, 15, [], [], 0.403
69:1, 25469:0, 27, 8, [], [], 0.403
69:1, 73064:4, 27, 0, [], [], 0.403
69:1, 25708:2, 27, 159, [], [], 0.404
69:1, 7763:4, 27, 5, [], [], 0.404
69:1, 53402:1, 27, 1, [], [], 0.404
69:1, 8289:4, 27, 2, [], [], 0.404
69:1, 37147:0, 27, 31, [], [], 0.404
69:1, 66583:1, 27, 7, [], [], 0.405
69:1, 57000:0, 27, 8, [], [], 0.405
69:1, 56037:4, 27, 34, [], [], 0.405
69:1, 81932:0, 27, 37, [], [], 0.406
69:1, 35206:3, 27, 7, [], [], 0.406
69:1, 69576:0, 27, 6, [], [], 0.406
69:1, 36296:0, 27, 90, [], [], 0.406
69:1, 9692:1, 27, 2, [], [], 0.406
69:1, 13041:0, 27, 3, [], [], 0.407
69:1, 12204:0, 27, 3, [], [], 0.407
69:1, 8586:1, 27, 56, [], [], 0.407
69:1, 24745:0, 27, 8, [], [], 0.407
69:1, 11026:0, 27, 40, [], [], 0.407
69:1, 76227:0, 27, 20, [], [], 0.407
69:1, 350:1, 27, 11, [], [], 0.408
69:1, 32282:1, 27, 2, [], [], 0.408
69:1, 38080:2, 27, 22, [], [], 0.408
69:1, 88640:1, 27, 7, [], [], 0.408
69:1, 11026:0, 27, 11, [], [], 0.408
69:1, 23867:2, 27, 4, [], [], 0.409
69:1, 98723:2, 27, 4, [], [], 0.409
69:1, 74420:1, 27, 6, [], [], 0.409
69:1, 80302:1, 27, 4, [], [], 0.409
69:1, 63268:7, 28, 5, [], [], 0.000
69:1, 15644:0, 28, 975, [], [], 0.245
69:1, 12640:0, 28, 1, [], [], 0.246
69:1, 75539:0, 28, 5, [], [], 0.251
69:1, 20208:1, 28, 6, [], [], 0.262
69:1, 46445:1, 28, 6, [], [], 0.262
69:1, 72220:2, 28, 9, [], [], 0.263
69:1, 2127:1, 28, 27, [], [], 0.265
69:1, 11498:1, 28, 43, [], [], 0.268
69:1, 97507:1, 28, 5, [], [], 0.269
69:1, 76866:0, 28, 46, [], [], 0.269
69:1, 60404:1, 28, 5, [], [], 0.269
69:1, 18501:1, 28, 1, [], [], 0.269
69:1, 16622:0, 28, 570, [], [], 0.272
69:1, 91617:0, 28, 51, [], [], 0.273
69:1, 33312:1, 28, 118, [], [], 0.273
69:1, 33312:2, 28, 121, [], [], 0.273
69:1, 52964:0, 28, 88, [], [], 0.274
69:1, 68200:0, 28, 165, [], [], 0.275
69:1, 72710:3, 28, 580, [], [], 0.277
69:1, 24341:0, 28, 2, [], [], 0.277
69:1, 39613:0, 28, 9, [], [], 0.278
69:1, 36895:2, 28, 14, [], [], 0.278
69:1, 98024:4, 28, 1767, [], [], 0.280
69:1, 69272:1, 28, 6, [], [], 0.281
69:1, 89715:0, 28, 95, [], [], 0.281
69:1, 37981:0, 28, 14, [], [], 0.283
69:1, 61935:1, 28, 12, [], [], 0.284
69:1, 7632:1, 28, 11, [], [], 0.285
69:1, 11156:0, 28, 30, [], [], 0.285
69:1, 36007:0, 28, 186, [], [], 0.285
69:1, 92729:3, 28, 2, [], [], 0.286
69:1, 8266:5, 28, 13, [], [], 0.286
69:1, 21706:5, 28, 22, [], [], 0.286
69:1, 63848:5, 28, 22, [], [], 0.286
69:1, 68254:5, 28, 22, [], [], 0.286
69:1, 72140:5, 28, 22, [], [], 0.286
69:1, 89988:5, 28, 22, [], [], 0.286
69:1, 94205:5, 28, 22, [], [], 0.286
69:1, 86821:4, 28, 17, [], [], 0.286
69:1, 26786:2, 28, 0, [], [], 0.286
69:1, 96181:1, 28, 10, [], [], 0.286
69:1, 21738:3, 28, 25, [], [], 0.287
69:1, 81291:1, 28, 8, [], [], 0.287
69:1, 3093:4, 28, 3, [], [], 0.288
69:1, 11851:4, 28, 3, [], [], 0.288
69:1, 13108:4, 28, 3, [], [], 0.288
69:1, 21032:4, 28, 3, [], [], 0.288
69:1, 27162:4, 28, 3, [], [], 0.288
69:1, 39183:4, 28, 3, [], [], 0.288
69:1, 40383:4, 28, 3, [], [], 0.288
69:1, 43969:4, 28, 3, [], [], 0.288
69:1, 48115:4, 28, 3, [], [], 0.288
69:1, 82664:4, 28, 3, [], [], 0.288
69:1, 84930:4, 28, 3, [], [], 0.288
69:1, 86528:4, 28, 3, [], [], 0.288
69:1, 92754:4, 28, 3, [], [], 0.288
69:1, 94329:4, 28, 3, [], [], 0.288
69:1, 99495:4, 28, 3, [], [], 0.288
69:1, 50994:4, 28, 5, [], [], 0.288
69:1, 93672:4, 28, 5, [], [], 0.288
69:1, 33312:8, 28, 61, [], [], 0.289
69:1, 69157:2, 28, 3, [], [], 0.289
69:1, 38630:0, 28, 12, [], [], 0.289
69:1, 97916:3, 28, 142, [], [], 0.290
69:1, 86218:1, 28, 0, [], [], 0.290
69:1, 33807:3, 28, 18, [], [], 0.290
69:1, 89185:1, 28, 0, [], [], 0.291
69:1, 17304:1, 28, 6, [], [], 0.291
69:1, 3093:4, 28, 34, [], [], 0.292
69:1, 11851:4, 28, 34, [], [], 0.292
69:1, 13108:4, 28, 34, [], [], 0.292
69:1, 21032:4, 28, 34, [], [], 0.292
69:1, 27162:4, 28, 34, [], [], 0.292
69:1, 39183:4, 28, 34, [], [], 0.292
69:1, 40383:4, 28, 34, [], [], 0.292
69:1, 43969:4, 28, 34, [], [], 0.292
69:1, 48115:4, 28, 34, [], [], 0.292
69:1, 82664:4, 28, 34, [], [], 0.292
69:1, 84930:4, 28, 34, [], [], 0.292
69:1, 86528:4, 28, 34, [], [], 0.292
69:1, 92754:4, 28, 34, [], [], 0.292
69:1, 94329:4, 28, 34, [], [], 0.292
69:1, 99495:4, 28, 34, [], [], 0.292
69:1, 81849:5, 28, 113, [], [], 0.292
69:1, 11601:1, 28, 3, [], [], 0.292
69:1, 87110:1, 28, 34, [], [], 0.292
69:1, 8418:3, 28, 48, [], [], 0.292
69:1, 22697:1, 28, 0, [], [], 0.293
69:1, 40016:0, 28, 27, [], [], 0.294
69:1, 75049:4, 28, 206, [], [], 0.294
69:1, 66128:4, 28, 1, [], [], 0.294
69:1, 90181:1, 28, 2, [], [], 0.294
69:1, 28736:0, 28, 28, [], [], 0.295
69:1, 98024:4, 28, 1022, [], [], 0.295
69:1, 85293:1, 28, 33, [], [], 0.296
69:1, 6499:1, 28, 20, [], [], 0.296
69:1, 69364:2, 28, 1, [], [], 0.297
69:1, 63370:0, 28, 6, [], [], 0.297
69:1, 68925:0, 28, 6, [], [], 0.297
69:1, 83409:4, 29, 216, [], [], 0.222
69:1, 2313:5, 29, 68, [], [], 0.306
69:1, 4702:13, 29, 0, [], [], 0.306
69:1, 8276:5, 29, 42, [], [], 0.306
69:1, 8766:17, 29, 9, [], [], 0.306
69:1, 38639:17, 29, 5, [], [], 0.306
69:1, 43954:17, 29, 12, [], [], 0.306
69:1, 49243:17, 29, 7, [], [], 0.306
69:1, 70174:1, 29, 225, [], [], 0.306
69:1, 70174:2, 29, 246, [], [], 0.306
69:1, 70174:3, 29, 252, [], [], 0.306
69:1, 70174:4, 29, 230, [], [], 0.306
69:1, 70174:5, 29, 232, [], [], 0.306
69:1, 76648:17, 29, 6, [], [], 0.306
69:1, 79086:5, 29, 76, [], [], 0.306
69:1, 89164:17, 29, 4, [], [], 0.306
69:1, 95923:14, 29, 6, [], [], 0.306
69:1, 72444:0, 29, 0, [], [], 0.337
69:1, 99807:2, 29, 3, [], [], 0.344
69:1, 72071:6, 29, 158, [], [], 0.355
69:1, 80895:1, 29, 1, [], [], 0.356
69:1, 42708:3, 29, 106, [], [], 0.361
69:1, 42708:3, 29, 27, [], [], 0.363
69:1, 16117:2, 29, 1, [], [], 0.366
69:1, 49280:2, 29, 0, [], [], 0.366
69:1, 60372:2, 29, 1, [], [], 0.366
69:1, 72795:2, 29, 0, [], [], 0.366
69:1, 13397:1, 29, 3, [], [], 0.367
69:1, 57788:2, 29, 2, [], [], 0.370
69:1, 74236:2, 29, 2, [], [], 0.371
69:1, 46343:1, 29, 2, [], [], 0.372
69:1, 31661:1, 29, 0, [], [], 0.374
69:1, 43792:0, 29, 1, [], [], 0.377
69:1, 42836:1, 29, 21, [], [], 0.378
69:1, 87107:4, 29, 2, [], [], 0.378
69:1, 76629:1, 29, 5, [], [], 0.379
69:1, 78900:1, 29, 3, [], [], 0.379
69:1, 68106:1, 29, 2, [], [], 0.380
69:1, 1274:1, 29, 1, [], [], 0.380
69:1, 96583:6, 29, 3, [], [], 0.380
69:1, 43375:0, 29, 1, [], [], 0.382
69:1, 67633:0, 29, 1, [], [], 0.382
69:1, 50620:0, 29, 14, [], [], 0.383
69:1, 42254:2, 29, 10, [], [], 0.385
69:1, 82843:0, 29, 18, [], [], 0.388
69:1, 61568:4, 29, 1, [], [], 0.389
69:1, 84197:1, 29, 469, [], [], 0.389
69:1, 5938:0, 29, 22, [], [], 0.390
69:1, 71991:4, 29, 1, [], [], 0.390
69:1, 38142:1, 29, 15, [], [], 0.392
69:1, 42411:1, 29, 2, [], [], 0.393
69:1, 32085:0, 29, 1, [], [], 0.393
69:1, 418:6, 29, 84, [], [], 0.393
69:1, 14271:0, 29, 9, [], [], 0.393
69:1, 32756:0, 29, 10, [], [], 0.393
69:1, 33678:0, 29, 9, [], [], 0.393
69:1, 69998:0, 29, 9, [], [], 0.393
69:1, 83779:0, 29, 10, [], [], 0.393
69:1, 32779:6, 29, 4, [], [], 0.395
69:1, 48085:0, 29, 18, [], [], 0.395
69:1, 40522:0, 29, 2, [], [], 0.396
69:1, 7115:0, 29, 790, [], [], 0.397
69:1, 89623:0, 29, 4, [], [], 0.397
69:1, 76629:1, 29, 6, [], [], 0.397
69:1, 18923:3, 29, 8, [], [], 0.398
69:1, 87436:0, 29, 32, [], [], 0.398
69:1, 32085:1, 29, 1, [], [], 0.398
69:1, 71616:3, 29, 4, [], [], 0.398
69:1, 25548:4, 29, 57, [], [], 0.399
69:1, 84240:4, 29, 57, [], [], 0.399
69:1, 14134:2, 29, 2, [], [], 0.400
69:1, 34101:0, 29, 66, [], [], 0.401
69:1, 87436:0, 29, 31, [], [], 0.401
69:1, 62485:1, 29, 25, [], [], 0.401
69:1, 46412:3, 29, 3, [], [], 0.401
69:1, 89919:1, 29, 3, [], [], 0.401
69:1, 25162:0, 29, 14, [], [], 0.402
69:1, 39345:4, 29, 2, [], [], 0.402
69:1, 7115:2, 29, 660, [], [], 0.403
69:1, 72981:2, 29, 105, [], [], 0.403
69:1, 25548:4, 29, 139, [], [], 0.403
69:1, 84240:4, 29, 138, [], [], 0.403
69:1, 7534:4, 29, 145, [], [], 0.404
69:1, 19854:1, 29, 50, [], [], 0.404
69:1, 30481:1, 29, 95, [], [], 0.404
69:1, 5881:1, 29, 10, [], [], 0.404
69:1, 78317:0, 29, 8, [], [], 0.405
69:1, 5149:0, 29, 14, [], [], 0.405
69:1, 97863:4, 29, 48, [], [], 0.405
69:1, 62693:1, 29, 32, [], [], 0.407
69:1, 60095:1, 29, 1, [], [], 0.407
69:1, 97225:4, 29, 259, [], [], 0.407
69:1, 82293:4, 29, 11, [], [], 0.408
69:1, 91264:1, 29, 2, [], [], 0.408
69:1, 70804:1, 29, 3, [], [], 0.408
69:1, 81005:0, 29, 1, [], [], 0.408
69:1, 60019:1, 29, 2, [], [], 0.408
69:1, 78191:1, 29, 10, [], [], 0.408
69:1, 58413:2, 29, 16, [], [], 0.408
69:1, 34096:0, 29, 9, [], [], 0.409
69:1, 5587:0, 30, 5, [], [], 0.471
69:1, 9335:0, 30, 10, [], [], 0.475
69:1, 44939:1, 30, 69, [], [], 0.477
69:1, 68696:0, 30, 11, [], [], 0.486
69:1, 46729:3, 30, 4, [], [], 0.498
69:1, 37768:6, 30, 2, [], [], 0.501
69:1, 24341:0, 30, 69, [], [], 0.503
69:1, 73060:1, 30, 5, [], [], 0.504
69:1, 97225:4, 30, 337, [], [], 0.506
69:1, 68120:1, 30, 3, [], [], 0.514
69:1, 76059:4, 30, 7, [], [], 0.515
69:1, 16876:6, 30, 122, [], [], 0.525
69:1, 8143:7, 30, 3, [], [], 0.526
69:1, 66307:0, 30, 46, [], [], 0.527
69:1, 62728:0, 30, 63, [], [], 0.530
69:1, 9191:2, 30, 1, [], [], 0.530
69:1, 96057:0, 30, 15, [], [], 0.531
69:1, 28918:0, 30, 2, [], [], 0.534
69:1, 47705:8, 30, 476, [], [], 0.535
69:1, 14940:2, 30, 11, [], [], 0.537
69:1, 71328:0, 30, 68, [], [], 0.537
69:1, 63677:4, 30, 1, [], [], 0.537
69:1, 73481:0, 30, 26, [], [], 0.538
69:1, 71328:0, 30, 60, [], [], 0.539
69:1, 33777:1, 30, 109, [], [], 0.540
69:1, 41177:1, 30, 4, [], [], 0.540
69:1, 25821:26, 30, 15, [], [], 0.542
69:1, 56234:0, 30, 2, [], [], 0.542
69:1, 28809:0, 30, 6, [], [], 0.544
69:1, 39039:0, 30, 6, [], [], 0.547
69:1, 82984:0, 30, 5, [], [], 0.548
69:1, 28921:1, 30, 605, [], [], 0.549
69:1, 7426:0, 30, 3, [], [], 0.552
69:1, 76734:3, 30, 0, [], [], 0.552
69:1, 72710:3, 30, 1021, [], [], 0.553
69:1, 5863:1, 30, 2, [], [], 0.554
69:1, 55221:2, 30, 5, [], [], 0.555
69:1, 67031:3, 30, 93, [], [], 0.555
69:1, 81491:0, 30, 23, [], [], 0.555
69:1, 89806:0, 30, 1515, [], [], 0.556
69:1, 86171:0, 30, 11, [], [], 0.556
69:1, 73161:2, 30, 6, [], [], 0.558
69:1, 622:0, 30, 18, [], [], 0.560
69:1, 49375:0, 30, 18, [], [], 0.560
69:1, 93336:0, 30, 18, [], [], 0.560
69:1, 1761:3, 30, 21, [], [], 0.560
69:1, 41125:0, 30, 1, [], [], 0.560
69:1, 69316:0, 30, 7, [], [], 0.560
69:1, 9639:0, 30, 3, [], [], 0.561
69:1, 23290:0, 30, 22, [], [], 0.561
69:1, 35678:0, 30, 22, [], [], 0.561
69:1, 88608:0, 30, 22, [], [], 0.561
69:1, 26895:0, 30, 2, [], [], 0.561
69:1, 18324:2, 30, 44, [], [], 0.561
69:1, 31:0, 30, 154, [], [], 0.562
69:1, 28674:0, 30, 13, [], [], 0.562
69:1, 71246:0, 30, 53, [], [], 0.563
69:1, 879:3, 30, 5, [], [], 0.563
69:1, 6230:3, 30, 25, [], [], 0.563
69:1, 28850:3, 30, 10, [], [], 0.563
69:1, 34906:3, 30, 25, [], [], 0.563
69:1, 47196:3, 30, 2, [], [], 0.563
69:1, 52827:3, 30, 0, [], [], 0.563
69:1, 53440:3, 30, 1, [], [], 0.563
69:1, 55416:3, 30, 2, [], [], 0.563
69:1, 57527:3, 30, 8, [], [], 0.563
69:1, 70491:3, 30, 0, [], [], 0.563
69:1, 82639:3, 30, 5, [], [], 0.563
69:1, 82942:3, 30, 25, [], [], 0.563
69:1, 85711:3, 30, 8, [], [], 0.563
69:1, 88133:3, 30, 25, [], [], 0.563
69:1, 89011:3, 30, 2, [], [], 0.563
69:1, 92514:3, 30, 2, [], [], 0.563
69:1, 94351:3, 30, 20, [], [], 0.563
69:1, 96947:3, 30, 0, [], [], 0.563
69:1, 26386:0, 30, 4, [], [], 0.563
69:1, 98876:0, 30, 849, [], [], 0.564
69:1, 65109:0, 30, 66, [], [], 0.564
69:1, 49462:3, 30, 1, [], [], 0.564
69:1, 39486:0, 30, 22, [], [], 0.565
69:1, 19980:0, 30, 3, [], [], 0.565
69:1, 91257:0, 30, 3, [], [], 0.565
69:1, 4481:0, 30, 0, [], [], 0.566
69:1, 35593:0, 30, 1, [], [], 0.566
69:1, 39755:2, 30, 15, [], [], 0.566
69:1, 41079:2, 30, 21, [], [], 0.566
69:1, 56406:0, 30, 0, [], [], 0.566
69:1, 60078:7, 30, 4, [], [], 0.566
69:1, 64353:1, 30, 40, [], [], 0.566
69:1, 88133:5, 30, 3, [], [], 0.566
69:1, 45383:1, 30, 2, [], [], 0.567
69:1, 97266:0, 30, 16, [], [], 0.568
69:1, 10490:0, 30, 16, [], [], 0.569
69:1, 3079:1, 30, 15, [], [], 0.569
69:1, 38607:0, 30, 0, [], [], 0.569
69:1, 81006:0, 30, 23, [], [], 0.569
69:1, 6738:0, 30, 42, [], [], 0.569
69:1, 22540:1, 30, 1, [], [], 0.569
69:1, 94969:2, 30, 1, [], [], 0.569
69:1, 32995:0, 30, 3, [], [], 0.570
69:1, 3145:3, 31, 24, [], [], 0.541
69:1, 42483:5, 31, 163, [], [], 0.590
69:1, 42214:4, 31, 13, [], [], 0.620
69:1, 71511:1, 31, 87, [], [], 0.630
69:1, 410:0, 31, 19, [], [], 0.636
69:1, 76068:0, 31, 18, [], [], 0.636
69:1, 10908:0, 31, 1, [], [], 0.640
69:1, 73587:3, 31, 421, [], [], 0.644
69:1, 66129:2, 31, 12, [], [], 0.645
69:1, 80531:4, 31, 4, [], [], 0.646
69:1, 92667:0, 31, 65, [], [], 0.658
69:1, 64483:9, 31, 3, [], [], 0.660
69:1, 26130:0, 31, 2, [], [], 0.671
69:1, 31765:0, 31, 2, [], [], 0.671
69:1, 72151:0, 31, 2, [], [], 0.671
69:1, 3501:4, 31, 7, [], [], 0.673
69:1, 66172:26, 31, 20, [], [], 0.673
69:1, 98024:5, 31, 1069, [], [], 0.673
69:1, 1815:3, 31, 16, [], [], 0.683
69:1, 2153:3, 31, 16, [], [], 0.683
69:1, 7127:3, 31, 18, [], [], 0.683
69:1, 8159:3, 31, 16, [], [], 0.683
69:1, 9371:3, 31, 16, [], [], 0.683
69:1, 9951:3, 31, 16, [], [], 0.683
69:1, 10512:3, 31, 17, [], [], 0.683
69:1, 10754:3, 31, 16, [], [], 0.683
69:1, 10924:3, 31, 18, [], [], 0.683
69:1, 11712:3, 31, 18, [], [], 0.683
69:1, 13213:3, 31, 18, [], [], 0.683
69:1, 16837:3, 31, 16, [], [], 0.683
69:1, 17716:3, 31, 17, [], [], 0.683
69:1, 18136:3, 31, 16, [], [], 0.683
69:1, 18261:3, 31, 16, [], [], 0.683
69:1, 19217:3, 31, 17, [], [], 0.683
69:1, 19704:3, 31, 18, [], [], 0.683
69:1, 20232:3, 31, 18, [], [], 0.683
69:1, 21349:3, 31, 16, [], [], 0.683
69:1, 23323:3, 31, 18, [], [], 0.683
69:1, 24753:3, 31, 18, [], [], 0.683
69:1, 26389:3, 31, 18, [], [], 0.683
69:1, 26847:2, 31, 6, [], [], 0.683
69:1, 27572:3, 31, 16, [], [], 0.683
69:1, 28161:3, 31, 18, [], [], 0.683
69:1, 28131:3, 31, 18, [], [], 0.683
69:1, 28856:3, 31, 16, [], [], 0.683
69:1, 29753:3, 31, 17, [], [], 0.683
69:1, 30113:3, 31, 16, [], [], 0.683
69:1, 30840:3, 31, 17, [], [], 0.683
69:1, 31286:3, 31, 18, [], [], 0.683
69:1, 31725:3, 31, 18, [], [], 0.683
69:1, 32205:3, 31, 18, [], [], 0.683
69:1, 33504:3, 31, 16, [], [], 0.683
69:1, 35092:3, 31, 18, [], [], 0.683
69:1, 35264:3, 31, 16, [], [], 0.683
69:1, 36549:2, 31, 6, [], [], 0.683
69:1, 36637:3, 31, 18, [], [], 0.683
69:1, 39466:3, 31, 18, [], [], 0.683
69:1, 41385:3, 31, 18, [], [], 0.683
69:1, 41838:3, 31, 16, [], [], 0.683
69:1, 43038:3, 31, 18, [], [], 0.683
69:1, 43920:3, 31, 18, [], [], 0.683
69:1, 43972:3, 31, 16, [], [], 0.683
69:1, 45507:3, 31, 18, [], [], 0.683
69:1, 46434:3, 31, 17, [], [], 0.683
69:1, 46971:3, 31, 16, [], [], 0.683
69:1, 47072:3, 31, 18, [], [], 0.683
69:1, 49024:3, 31, 16, [], [], 0.683
69:1, 49925:3, 31, 18, [], [], 0.683
69:1, 50802:3, 31, 18, [], [], 0.683
69:1, 51551:3, 31, 16, [], [], 0.683
69:1, 53579:3, 31, 16, [], [], 0.683
69:1, 54042:3, 31, 16, [], [], 0.683
69:1, 55190:3, 31, 18, [], [], 0.683
69:1, 55053:3, 31, 18, [], [], 0.683
69:1, 55955:3, 31, 16, [], [], 0.683
69:1, 60244:3, 31, 16, [], [], 0.683
69:1, 60492:3, 31, 16, [], [], 0.683
69:1, 63894:3, 31, 16, [], [], 0.683
69:1, 65014:3, 31, 16, [], [], 0.683
69:1, 71067:3, 31, 16, [], [], 0.683
69:1, 72462:3, 31, 16, [], [], 0.683
69:1, 72494:3, 31, 16, [], [], 0.683
69:1, 73197:3, 31, 16, [], [], 0.683
69:1, 74991:3, 31, 16, [], [], 0.683
69:1, 76048:3, 31, 17, [], [], 0.683
69:1, 75970:3, 31, 18, [], [], 0.683
69:1, 77478:3, 31, 16, [], [], 0.683
69:1, 78170:3, 31, 16, [], [], 0.683
69:1, 78192:3, 31, 18, [], [], 0.683
69:1, 78358:3, 31, 16, [], [], 0.683
69:1, 79340:3, 31, 16, [], [], 0.683
69:1, 81070:3, 31, 18, [], [], 0.683
69:1, 81154:3, 31, 16, [], [], 0.683
69:1, 81386:3, 31, 16, [], [], 0.683
69:1, 82804:2, 31, 6, [], [], 0.683
69:1, 83042:3, 31, 16, [], [], 0.683
69:1, 83063:3, 31, 18, [], [], 0.683
69:1, 84922:3, 31, 18, [], [], 0.683
69:1, 85247:3, 31, 18, [], [], 0.683
69:1, 100076:3, 31, 16, [], [], 0.683
69:1, 72710:4, 32, 2681, [], [], 0.236
69:1, 8503:2, 32, 0, [], [], 0.239
69:1, 62242:2, 32, 3, [], [], 0.239
69:1, 72532:0, 32, 2, [], [], 0.239
69:1, 87424:3, 32, 268, [], [], 0.241
69:1, 72710:4, 32, 17, [], [], 0.241
69:1, 88884:3, 32, 128, [], [], 0.246
69:1, 72710:4, 32, 2159, [], [], 0.246
69:1, 72710:4, 32, 2482, [], [], 0.247
69:1, 66688:3, 32, 228, [], [], 0.247
69:1, 72710:4, 32, 2802, [], [], 0.249
69:1, 72710:4, 32, 2393, [], [], 0.251
69:1, 8516:2, 32, 0, [], [], 0.252
69:1, 94634:2, 32, 3, [], [], 0.253
69:1, 91058:1, 32, 6, [], [], 0.254
69:1, 3718:1, 32, 12, [], [], 0.255
69:1, 72710:4, 32, 2121, [], [], 0.255
69:1, 94542:0, 32, 9, [], [], 0.255
69:1, 36605:2, 32, 10, [], [], 0.255
69:1, 19858:0, 32, 34, [], [], 0.257
69:1, 75889:2, 32, 289, [], [], 0.257
69:1, 65573:1, 32, 0, [], [], 0.257
69:1, 67224:0, 32, 4, [], [], 0.257
69:1, 54795:3, 32, 48, [], [], 0.257
69:1, 76248:3, 32, 143, [], [], 0.260
69:1, 62489:1, 32, 528, [], [], 0.260
69:1, 41642:1, 32, 10, [], [], 0.261
69:1, 42201:1, 32, 10, [], [], 0.261
69:1, 51904:1, 32, 10, [], [], 0.261
69:1, 74646:1, 32, 10, [], [], 0.261
69:1, 92937:1, 32, 10, [], [], 0.261
69:1, 97470:1, 32, 5, [], [], 0.261
69:1, 89469:2, 32, 64, [], [], 0.262
69:1, 74577:2, 32, 50, [], [], 0.262
69:1, 17822:2, 32, 3, [], [], 0.263
69:1, 24607:2, 32, 3, [], [], 0.263
69:1, 20075:1, 32, 4, [], [], 0.263
69:1, 39701:0, 32, 5, [], [], 0.264
69:1, 2335:1, 32, 2, [], [], 0.265
69:1, 72710:4, 32, 53, [], [], 0.265
69:1, 43033:0, 32, 56, [], [], 0.265
69:1, 4564:0, 32, 18, [], [], 0.266
69:1, 72710:4, 32, 257, [], [], 0.266
69:1, 82287:2, 32, 17, [], [], 0.266
69:1, 72710:4, 32, 3955, [], [], 0.267
69:1, 72710:4, 32, 3497, [], [], 0.267
69:1, 51507:1, 32, 49, [], [], 0.267
69:1, 72710:4, 32, 3459, [], [], 0.267
69:1, 68277:0, 32, 3, [], [], 0.268
69:1, 46298:0, 32, 0, [], [], 0.268
69:1, 34710:2, 32, 80, [], [], 0.268
69:1, 34710:3, 32, 39, [], [], 0.268
69:1, 45660:1, 32, 12, [], [], 0.268
69:1, 44208:1, 32, 0, [], [], 0.269
69:1, 29615:0, 32, 22, [], [], 0.269
69:1, 33032:0, 32, 36, [], [], 0.269
69:1, 85543:0, 32, 130, [], [], 0.269
69:1, 89845:0, 32, 20, [], [], 0.269
69:1, 72398:2, 32, 24, [], [], 0.269
69:1, 22966:1, 32, 7, [], [], 0.269
69:1, 33602:2, 32, 3, [], [], 0.270
69:1, 70443:1, 32, 5, [], [], 0.270
69:1, 70461:2, 32, 13, [], [], 0.270
69:1, 54822:1, 32, 5, [], [], 0.270
69:1, 84166:3, 32, 37, [], [], 0.270
69:1, 37168:0, 32, 48, [], [], 0.270
69:1, 41519:0, 32, 48, [], [], 0.270
69:1, 42571:0, 32, 48, [], [], 0.270
69:1, 83913:0, 32, 48, [], [], 0.270
69:1, 12343:0, 32, 5, [], [], 0.270
69:1, 6502:0, 32, 22, [], [], 0.270
69:1, 8136:0, 32, 59, [], [], 0.270
69:1, 43522:0, 32, 26, [], [], 0.270
69:1, 98885:1, 32, 3, [], [], 0.271
69:1, 24935:2, 32, 64, [], [], 0.271
69:1, 72710:4, 32, 4070, [], [], 0.271
69:1, 58483:5, 32, 7, [], [], 0.271
69:1, 5978:1, 32, 1, [], [], 0.272
69:1, 83682:1, 32, 2, [], [], 0.272
69:1, 72720:1, 32, 1, [], [], 0.272
69:1, 67011:2, 32, 21, [], [], 0.273
69:1, 26304:0, 32, 12, [], [], 0.273
69:1, 42959:0, 32, 12, [], [], 0.273
69:1, 72710:4, 32, 3586, [], [], 0.273
69:1, 89470:1, 32, 5, [], [], 0.273
69:1, 80826:0, 32, 2, [], [], 0.273
69:1, 72710:4, 32, 1321, [], [], 0.273
69:1, 72710:4, 32, 326, [], [], 0.273
69:1, 51507:1, 32, 42, [], [], 0.274
69:1, 61562:1, 32, 2, [], [], 0.274
69:1, 62489:1, 32, 30, [], [], 0.274
69:1, 4804:1, 32, 1, [], [], 0.274
69:1, 48020:0, 32, 0, [], [], 0.274
69:1, 72710:4, 32, 1230, [], [], 0.274
69:1, 72710:4, 32, 2299, [], [], 0.274
69:1, 7882:5, 32, 85, [], [], 0.274
69:1, 40064:17, 32, 10, [], [], 0.274
69:1, 47964:5, 32, 28, [], [], 0.274
69:1, 49858:17, 32, 6, [], [], 0.274
69:1, 49957:5, 32, 19, [], [], 0.274
69:1, 73652:1, 33, 5, [], [], 0.235
69:1, 3467:6, 33, 1, [], [], 0.237
69:1, 4412:2, 33, 1, [], [], 0.237
69:1, 7041:2, 33, 1, [], [], 0.237
69:1, 6858:2, 33, 2, [], [], 0.237
69:1, 7557:1, 33, 3, [], [], 0.237
69:1, 13509:2, 33, 1, [], [], 0.237
69:1, 18982:2, 33, 2, [], [], 0.237
69:1, 26190:2, 33, 1, [], [], 0.237
69:1, 27705:2, 33, 0, [], [], 0.237
69:1, 28204:2, 33, 2, [], [], 0.237
69:1, 28209:1, 33, 3, [], [], 0.237
69:1, 28274:1, 33, 5, [], [], 0.237
69:1, 30522:2, 33, 2, [], [], 0.237
69:1, 31676:2, 33, 0, [], [], 0.237
69:1, 31676:3, 33, 0, [], [], 0.237
69:1, 31676:5, 33, 0, [], [], 0.237
69:1, 33385:2, 33, 0, [], [], 0.237
69:1, 35294:2, 33, 1, [], [], 0.237
69:1, 37368:2, 33, 1, [], [], 0.237
69:1, 46760:1, 33, 1, [], [], 0.237
69:1, 48452:2, 33, 2, [], [], 0.237
69:1, 51266:1, 33, 8, [], [], 0.237
69:1, 53387:2, 33, 1, [], [], 0.237
69:1, 54213:2, 33, 0, [], [], 0.237
69:1, 61670:2, 33, 1, [], [], 0.237
69:1, 64649:1, 33, 7, [], [], 0.237
69:1, 64995:2, 33, 1, [], [], 0.237
69:1, 65846:2, 33, 0, [], [], 0.237
69:1, 72147:2, 33, 2, [], [], 0.237
69:1, 79609:2, 33, 2, [], [], 0.237
69:1, 86873:2, 33, 3, [], [], 0.237
69:1, 89645:1, 33, 8, [], [], 0.237
69:1, 91037:2, 33, 3, [], [], 0.237
69:1, 92929:2, 33, 0, [], [], 0.237
69:1, 93807:2, 33, 0, [], [], 0.237
69:1, 96532:2, 33, 2, [], [], 0.237
69:1, 97479:2, 33, 1, [], [], 0.237
69:1, 42347:1, 33, 2, [], [], 0.240
69:1, 42347:1, 33, 14, [], [], 0.240
69:1, 42347:1, 33, 3, [], [], 0.241
69:1, 86516:1, 33, 3, [], [], 0.242
69:1, 4783:1, 33, 4, [], [], 0.243
69:1, 87935:0, 33, 353, [], [], 0.245
69:1, 42347:1, 33, 15, [], [], 0.246
69:1, 1703:0, 33, 2, [], [], 0.246
69:1, 50893:1, 33, 3, [], [], 0.246
69:1, 74868:1, 33, 9, [], [], 0.246
69:1, 68016:1, 33, 11, [], [], 0.246
69:1, 68016:1, 33, 3, [], [], 0.246
69:1, 68016:1, 33, 12, [], [], 0.247
69:1, 92615:1, 33, 1, [], [], 0.247
69:1, 13367:0, 33, 8, [], [], 0.252
69:1, 47438:4, 33, 116, [], [], 0.252
69:1, 76927:3, 33, 7, [], [], 0.252
69:1, 63253:6, 33, 9, [], [], 0.253
69:1, 72498:2, 33, 113, [], [], 0.253
69:1, 80299:0, 33, 2, [], [], 0.253
69:1, 74253:1, 33, 5, [], [], 0.254
69:1, 34151:4, 33, 46, [], [], 0.255
69:1, 46819:2, 33, 29, [], [], 0.255
69:1, 26291:0, 33, 23, [], [], 0.256
69:1, 15913:3, 33, 9, [], [], 0.256
69:1, 19550:4, 33, 2, [], [], 0.256
69:1, 4633:0, 33, 158, [], [], 0.256
69:1, 61100:3, 33, 2, [], [], 0.257
69:1, 47705:4, 33, 973, [], [], 0.258
69:1, 84954:3, 33, 447, [], [], 0.258
69:1, 94641:1, 33, 0, [], [], 0.261
69:1, 41164:1, 33, 2, [], [], 0.261
69:1, 34831:1, 33, 1, [], [], 0.262
69:1, 72498:2, 33, 38, [], [], 0.262
69:1, 76022:1, 33, 22, [], [], 0.263
69:1, 59220:2, 33, 18, [], [], 0.263
69:1, 71502:1, 33, 4, [], [], 0.264
69:1, 34151:4, 33, 177, [], [], 0.265
69:1, 34151:4, 33, 405, [], [], 0.265
69:1, 84048:1, 33, 1, [], [], 0.265
69:1, 69070:1, 33, 12, [], [], 0.265
69:1, 33772:4, 33, 14, [], [], 0.266
69:1, 62976:3, 33, 42, [], [], 0.266
69:1, 29853:1, 33, 135, [], [], 0.267
69:1, 98980:0, 33, 22, [], [], 0.267
69:1, 47411:0, 33, 34, [], [], 0.267
69:1, 75080:1, 33, 1, [], [], 0.267
69:1, 24044:4, 33, 9, [], [], 0.267
69:1, 52770:4, 33, 8, [], [], 0.267
69:1, 45061:4, 33, 54, [], [], 0.268
69:1, 40835:1, 33, 7, [], [], 0.268
69:1, 96215:0, 33, 1, [], [], 0.268
69:1, 18859:1, 33, 2, [], [], 0.269
69:1, 12451:0, 33, 1, [], [], 0.269
69:1, 17739:0, 33, 1, [], [], 0.269
69:1, 95788:0, 33, 1, [], [], 0.269
69:1, 55787:0, 33, 2, [], [], 0.269
69:1, 86174:1, 33, 1, [], [], 0.269
69:1, 98500:1, 33, 4, [], [], 0.270
69:1, 85339:1, 33, 15, [], [], 0.270
69:1, 83299:0, 33, 13, [], [], 0.270
69:1, 38494:4, 33, 15, [], [], 0.270
69:1, 46977:1, 34, 43, [], [], 0.346
69:1, 9069:4, 34, 1, [], [], 0.365
69:1, 52578:3, 34, 96, [], [], 0.365
69:1, 1923:1, 34, 2, [], [], 0.367
69:1, 27990:3, 34, 34, [], [], 0.367
69:1, 23013:2, 34, 6, [], [], 0.373
69:1, 1486:2, 34, 3, [], [], 0.375
69:1, 13310:3, 34, 12, [], [], 0.378
69:1, 37079:3, 34, 48, [], [], 0.378
69:1, 72393:0, 34, 8, [], [], 0.380
69:1, 30277:0, 34, 96, [], [], 0.382
69:1, 87287:2, 34, 2, [], [], 0.382
69:1, 15408:1, 34, 21, [], [], 0.386
69:1, 72218:2, 34, 3, [], [], 0.387
69:1, 72218:3, 34, 3, [], [], 0.387
69:1, 46030:1, 34, 2, [], [], 0.390
69:1, 59617:0, 34, 0, [], [], 0.392
69:1, 67488:0, 34, 7, [], [], 0.393
69:1, 77517:6, 34, 4, [], [], 0.394
69:1, 43108:1, 34, 35, [], [], 0.395
69:1, 88519:9, 34, 3, [], [], 0.395
69:1, 699:0, 34, 2, [], [], 0.395
69:1, 21447:3, 34, 2, [], [], 0.396
69:1, 36962:4, 34, 4, [], [], 0.396
69:1, 15658:0, 34, 66, [], [], 0.397
69:1, 36244:8, 34, 57, [], [], 0.397
69:1, 104:4, 34, 7, [], [], 0.398
69:1, 895:4, 34, 7, [], [], 0.398
69:1, 980:4, 34, 7, [], [], 0.398
69:1, 1296:4, 34, 7, [], [], 0.398
69:1, 1398:4, 34, 7, [], [], 0.398
69:1, 1986:0, 34, 4, [], [], 0.398
69:1, 2035:4, 34, 7, [], [], 0.398
69:1, 4123:4, 34, 7, [], [], 0.398
69:1, 5393:4, 34, 7, [], [], 0.398
69:1, 5418:4, 34, 7, [], [], 0.398
69:1, 6320:4, 34, 7, [], [], 0.398
69:1, 6667:4, 34, 7, [], [], 0.398
69:1, 6894:4, 34, 7, [], [], 0.398
69:1, 8521:4, 34, 7, [], [], 0.398
69:1, 8943:4, 34, 7, [], [], 0.398
69:1, 9768:4, 34, 7, [], [], 0.398
69:1, 10176:4, 34, 7, [], [], 0.398
69:1, 10373:4, 34, 7, [], [], 0.398
69:1, 10383:4, 34, 7, [], [], 0.398
69:1, 10640:4, 34, 7, [], [], 0.398
69:1, 11824:4, 34, 7, [], [], 0.398
69:1, 11968:4, 34, 7, [], [], 0.398
69:1, 12043:4, 34, 7, [], [], 0.398
69:1, 12182:4, 34, 7, [], [], 0.398
69:1, 12220:4, 34, 7, [], [], 0.398
69:1, 13076:4, 34, 7, [], [], 0.398
69:1, 13349:4, 34, 7, [], [], 0.398
69:1, 13996:4, 34, 7, [], [], 0.398
69:1, 14225:4, 34, 7, [], [], 0.398
69:1, 14657:4, 34, 7, [], [], 0.398
69:1, 15349:4, 34, 7, [], [], 0.398
69:1, 15905:4, 34, 7, [], [], 0.398
69:1, 16704:4, 34, 7, [], [], 0.398
69:1, 16948:4, 34, 7, [], [], 0.398
69:1, 17056:4, 34, 7, [], [], 0.398
69:1, 17061:4, 34, 7, [], [], 0.398
69:1, 17331:3, 34, 211, [], [], 0.398
69:1, 17673:4, 34, 7, [], [], 0.398
69:1, 18102:4, 34, 7, [], [], 0.398
69:1, 18733:4, 34, 7, [], [], 0.398
69:1, 19228:4, 34, 7, [], [], 0.398
69:1, 19612:4, 34, 7, [], [], 0.398
69:1, 19803:4, 34, 7, [], [], 0.398
69:1, 20108:4, 34, 7, [], [], 0.398
69:1, 20146:4, 34, 7, [], [], 0.398
69:1, 20364:4, 34, 7, [], [], 0.398
69:1, 20556:4, 34, 7, [], [], 0.398
69:1, 21254:4, 34, 7, [], [], 0.398
69:1, 21443:4, 34, 7, [], [], 0.398
69:1, 22096:4, 34, 7, [], [], 0.398
69:1, 22686:4, 34, 7, [], [], 0.398
69:1, 22820:4, 34, 7, [], [], 0.398
69:1, 22973:4, 34, 7, [], [], 0.398
69:1, 23077:4, 34, 7, [], [], 0.398
69:1, 23079:4, 34, 7, [], [], 0.398
69:1, 23529:4, 34, 7, [], [], 0.398
69:1, 23884:4, 34, 7, [], [], 0.398
69:1, 24692:4, 34, 7, [], [], 0.398
69:1, 24846:4, 34, 7, [], [], 0.398
69:1, 24920:4, 34, 7, [], [], 0.398
69:1, 25360:4, 34, 7, [], [], 0.398
69:1, 25536:4, 34, 7, [], [], 0.398
69:1, 25696:4, 34, 7, [], [], 0.398
69:1, 26032:4, 34, 7, [], [], 0.398
69:1, 26109:4, 34, 7, [], [], 0.398
69:1, 26385:4, 34, 7, [], [], 0.398
69:1, 26530:4, 34, 7, [], [], 0.398
69:1, 26605:4, 34, 7, [], [], 0.398
69:1, 27800:4, 34, 7, [], [], 0.398
69:1, 28572:4, 34, 7, [], [], 0.398
69:1, 28632:4, 34, 7, [], [], 0.398
69:1, 29043:4, 34, 7, [], [], 0.398
69:1, 29121:4, 34, 7, [], [], 0.398
69:1, 99405:4, 34, 7, [], [], 0.398
69:1, 45149:3, 35, 0, [], [], 0.307
69:1, 23641:0, 35, 15, [], [], 0.319
69:1, 2870:1, 35, 5, [], [], 0.329
69:1, 4145:1, 35, 5, [], [], 0.329
69:1, 4769:1, 35, 5, [], [], 0.329
69:1, 5508:1, 35, 5, [], [], 0.329
69:1, 6041:1, 35, 5, [], [], 0.329
69:1, 6863:1, 35, 5, [], [], 0.329
69:1, 14992:1, 35, 5, [], [], 0.329
69:1, 16762:1, 35, 5, [], [], 0.329
69:1, 16872:1, 35, 5, [], [], 0.329
69:1, 18620:1, 35, 5, [], [], 0.329
69:1, 19219:1, 35, 5, [], [], 0.329
69:1, 20209:1, 35, 5, [], [], 0.329
69:1, 21444:1, 35, 5, [], [], 0.329
69:1, 21663:1, 35, 5, [], [], 0.329
69:1, 21834:1, 35, 5, [], [], 0.329
69:1, 27367:1, 35, 5, [], [], 0.329
69:1, 27929:1, 35, 5, [], [], 0.329
69:1, 29211:1, 35, 5, [], [], 0.329
69:1, 30574:1, 35, 5, [], [], 0.329
69:1, 32399:1, 35, 5, [], [], 0.329
69:1, 33783:1, 35, 5, [], [], 0.329
69:1, 33886:1, 35, 5, [], [], 0.329
69:1, 35446:1, 35, 5, [], [], 0.329
69:1, 36920:1, 35, 5, [], [], 0.329
69:1, 37617:1, 35, 5, [], [], 0.329
69:1, 37986:1, 35, 5, [], [], 0.329
69:1, 38044:1, 35, 5, [], [], 0.329
69:1, 40102:1, 35, 5, [], [], 0.329
69:1, 42766:1, 35, 5, [], [], 0.329
69:1, 43071:1, 35, 5, [], [], 0.329
69:1, 44536:1, 35, 5, [], [], 0.329
69:1, 45095:1, 35, 5, [], [], 0.329
69:1, 47042:1, 35, 5, [], [], 0.329
69:1, 47871:1, 35, 5, [], [], 0.329
69:1, 48678:1, 35, 5, [], [], 0.329
69:1, 48963:1, 35, 5, [], [], 0.329
69:1, 51898:1, 35, 5, [], [], 0.329
69:1, 51982:1, 35, 5, [], [], 0.329
69:1, 53974:1, 35, 5, [], [], 0.329
69:1, 53889:1, 35, 5, [], [], 0.329
69:1, 57830:1, 35, 5, [], [], 0.329
69:1, 58844:1, 35, 5, [], [], 0.329
69:1, 67371:1, 35, 5, [], [], 0.329
69:1, 68719:1, 35, 5, [], [], 0.329
69:1, 71342:1, 35, 5, [], [], 0.329
69:1, 77055:1, 35, 5, [], [], 0.329
69:1, 81763:1, 35, 5, [], [], 0.329
69:1, 84001:1, 35, 5, [], [], 0.329
69:1, 86770:1, 35, 5, [], [], 0.329
69:1, 89077:1, 35, 5, [], [], 0.329
69:1, 91626:1, 35, 5, [], [], 0.329
69:1, 93917:1, 35, 5, [], [], 0.329
69:1, 94052:1, 35, 5, [], [], 0.329
69:1, 95629:1, 35, 5, [], [], 0.329
69:1, 96319:1, 35, 5, [], [], 0.329
69:1, 96596:1, 35, 5, [], [], 0.329
69:1, 98589:1, 35, 5, [], [], 0.329
69:1, 99352:1, 35, 5, [], [], 0.329
69:1, 94796:1, 35, 9, [], [], 0.334
69:1, 42012:8, 35, 0, [], [], 0.337
69:1, 39742:3, 35, 6, [], [], 0.343
69:1, 47646:3, 35, 95, [], [], 0.348
69:1, 900:3, 35, 5, [], [], 0.350
69:1, 68905:0, 35, 207, [], [], 0.354
69:1, 9897:0, 35, 29, [], [], 0.356
69:1, 83561:0, 35, 5, [], [], 0.358
69:1, 86909:2, 35, 45, [], [], 0.360
69:1, 34151:0, 35, 725, [], [], 0.361
69:1, 18287:1, 35, 309, [], [], 0.361
69:1, 23641:0, 35, 84, [], [], 0.362
69:1, 15624:3, 35, 115, [], [], 0.362
69:1, 88294:2, 35, 169, [], [], 0.363
69:1, 25592:2, 35, 16, [], [], 0.363
69:1, 26154:1, 35, 51, [], [], 0.364
69:1, 59044:2, 35, 2, [], [], 0.365
69:1, 5976:1, 35, 2, [], [], 0.365
69:1, 72710:4, 35, 3129, [], [], 0.367
69:1, 97266:0, 35, 29, [], [], 0.367
69:1, 72710:4, 35, 3327, [], [], 0.367
69:1, 72338:0, 35, 14, [], [], 0.368
69:1, 71672:3, 35, 6, [], [], 0.369
69:1, 4942:7, 35, 3, [], [], 0.369
69:1, 30730:0, 35, 3, [], [], 0.370
69:1, 9517:0, 35, 88, [], [], 0.370
69:1, 35397:0, 35, 1, [], [], 0.370
69:1, 41819:2, 35, 1, [], [], 0.370
69:1, 18287:1, 35, 344, [], [], 0.372
69:1, 85459:0, 35, 49, [], [], 0.372
69:1, 42705:0, 35, 10, [], [], 0.373
69:1, 6720:1, 35, 1, [], [], 0.373
69:1, 29325:0, 35, 186, [], [], 0.374
69:1, 90266:0, 35, 112, [], [], 0.374
69:1, 69605:4, 35, 9, [], [], 0.375
69:1, 33505:8, 35, 3, [], [], 0.376
69:1, 84121:0, 35, 22, [], [], 0.376
69:1, 58204:0, 35, 5, [], [], 0.378
69:1, 50415:4, 35, 37, [], [], 0.378
69:1, 66908:0, 35, 27, [], [], 0.379
69:1, 67145:0, 36, 12, [], [], 0.508
69:1, 51327:4, 36, 9, [], [], 0.535
69:1, 16772:4, 36, 1, [], [], 0.556
69:1, 18617:8, 36, 182, [], [], 0.556
69:1, 33638:4, 36, 6, [], [], 0.556
69:1, 67761:1, 36, 2, [], [], 0.560
69:1, 87935:1, 36, 37, [], [], 0.560
69:1, 31:0, 36, 562, [], [], 0.563
69:1, 63412:0, 36, 21, [], [], 0.569
69:1, 40396:0, 36, 1697, [], [], 0.570
69:1, 17533:0, 36, 49, [], [], 0.570
69:1, 17533:1, 36, 277, [], [], 0.570
69:1, 91377:0, 36, 23, [], [], 0.572
69:1, 70347:0, 36, 0, [], [], 0.573
69:1, 71476:0, 36, 7, [], [], 0.574
69:1, 96851:2, 36, 0, [], [], 0.576
69:1, 96957:0, 36, 10, [], [], 0.577
69:1, 15624:3, 36, 75, [], [], 0.578
69:1, 16233:0, 36, 3, [], [], 0.579
69:1, 19712:0, 36, 3, [], [], 0.579
69:1, 40781:0, 36, 4, [], [], 0.579
69:1, 48989:1, 36, 3, [], [], 0.579
69:1, 52963:0, 36, 6, [], [], 0.579
69:1, 65318:0, 36, 5, [], [], 0.579
69:1, 22596:0, 36, 21, [], [], 0.580
69:1, 22627:1, 36, 20, [], [], 0.580
69:1, 24208:1, 36, 20, [], [], 0.580
69:1, 27503:1, 36, 20, [], [], 0.580
69:1, 36217:1, 36, 19, [], [], 0.580
69:1, 41199:1, 36, 20, [], [], 0.580
69:1, 45535:1, 36, 20, [], [], 0.580
69:1, 64319:0, 36, 13, [], [], 0.580
69:1, 67725:1, 36, 20, [], [], 0.580
69:1, 68977:1, 36, 14, [], [], 0.580
69:1, 98104:1, 36, 15, [], [], 0.580
69:1, 8931:0, 36, 2, [], [], 0.583
69:1, 69193:0, 36, 76, [], [], 0.583
69:1, 14392:10, 36, 17, [], [], 0.586
69:1, 50572:0, 36, 7, [], [], 0.586
69:1, 4613:0, 36, 48, [], [], 0.588
69:1, 54766:2, 36, 0, [], [], 0.590
69:1, 96020:1, 36, 2, [], [], 0.591
69:1, 19101:0, 36, 138, [], [], 0.591
69:1, 163:4, 36, 44, [], [], 0.591
69:1, 67862:1, 36, 3, [], [], 0.592
69:1, 13520:2, 36, 7, [], [], 0.592
69:1, 47109:2, 36, 6, [], [], 0.592
69:1, 63786:2, 36, 6, [], [], 0.592
69:1, 8931:0, 36, 0, [], [], 0.593
69:1, 50257:0, 36, 3, [], [], 0.593
69:1, 35083:0, 36, 1, [], [], 0.594
69:1, 45256:1, 36, 15, [], [], 0.594
69:1, 75680:0, 36, 140, [], [], 0.594
69:1, 34498:0, 36, 3, [], [], 0.594
69:1, 41288:1, 36, 3, [], [], 0.596
69:1, 38953:2, 36, 36, [], [], 0.597
69:1, 71524:0, 36, 81, [], [], 0.597
69:1, 4049:1, 36, 29, [], [], 0.599
69:1, 7992:0, 36, 6, [], [], 0.600
69:1, 63412:0, 36, 22, [], [], 0.600
69:1, 27440:0, 36, 7, [], [], 0.602
69:1, 7115:0, 36, 1388, [], [], 0.603
69:1, 28974:0, 36, 15, [], [], 0.603
69:1, 19833:4, 36, 5, [], [], 0.604
69:1, 68746:0, 36, 33, [], [], 0.604
69:1, 67552:0, 36, 298, [], [], 0.604
69:1, 24233:0, 36, 99, [], [], 0.604
69:1, 30314:0, 36, 99, [], [], 0.604
69:1, 58264:0, 36, 99, [], [], 0.604
69:1, 70864:0, 36, 99, [], [], 0.604
69:1, 78798:0, 36, 99, [], [], 0.604
69:1, 43664:0, 36, 8, [], [], 0.608
69:1, 26606:0, 36, 156, [], [], 0.608
69:1, 30161:1, 36, 0, [], [], 0.608
69:1, 1944:2, 36, 6, [], [], 0.609
69:1, 87738:1, 36, 43, [], [], 0.609
69:1, 40396:0, 36, 173, [], [], 0.611
69:1, 52779:3, 36, 15, [], [], 0.611
69:1, 86076:1, 36, 3, [], [], 0.611
69:1, 67599:2, 36, 4, [], [], 0.612
69:1, 92102:2, 36, 1, [], [], 0.612
69:1, 12619:0, 36, 40, [], [], 0.612
69:1, 624:4, 36, 303, [], [], 0.612
69:1, 21373:4, 36, 306, [], [], 0.612
69:1, 35607:3, 36, 6, [], [], 0.613
69:1, 11595:3, 36, 4, [], [], 0.613
69:1, 12342:3, 36, 6, [], [], 0.613
69:1, 21955:3, 36, 4, [], [], 0.613
69:1, 31044:3, 36, 5, [], [], 0.613
69:1, 35084:3, 36, 21, [], [], 0.613
69:1, 39612:3, 36, 3, [], [], 0.613
69:1, 54815:3, 36, 2, [], [], 0.613
69:1, 60805:3, 36, 5, [], [], 0.613
69:1, 72702:3, 36, 5, [], [], 0.613
69:1, 73079:3, 36, 1, [], [], 0.613
69:1, 99181:3, 36, 1, [], [], 0.613
69:1, 62489:0, 36, 1373, [], [], 0.614
69:1, 69498:0, 36, 31, [], [], 0.614
69:1, 40646:1, 36, 44, [], [], 0.615
69:1, 18300:4, 36, 107, [], [], 0.615
69:1, 23007:1, 37, 0, [], [], 0.377
69:1, 54201:1, 37, 0, [], [], 0.377
69:1, 7115:1, 37, 435, [], [], 0.450
69:1, 34443:2, 37, 5, [], [], 0.470
69:1, 71784:0, 37, 665, [], [], 0.480
69:1, 88916:1, 37, 14, [], [], 0.495
69:1, 42990:3, 37, 1, [], [], 0.495
69:1, 31561:2, 37, 4, [], [], 0.505
69:1, 392:3, 37, 1, [], [], 0.506
69:1, 67567:2, 37, 4, [], [], 0.509
69:1, 27115:2, 37, 7, [], [], 0.511
69:1, 77023:3, 37, 0, [], [], 0.512
69:1, 16876:2, 37, 255, [], [], 0.512
69:1, 5915:0, 37, 8, [], [], 0.514
69:1, 29143:1, 37, 19, [], [], 0.523
69:1, 53511:1, 37, 19, [], [], 0.523
69:1, 53964:1, 37, 19, [], [], 0.523
69:1, 73025:1, 37, 19, [], [], 0.523
69:1, 49409:0, 37, 4, [], [], 0.530
69:1, 95325:1, 37, 21, [], [], 0.533
69:1, 73716:3, 37, 1, [], [], 0.538
69:1, 44905:1, 37, 9, [], [], 0.540
69:1, 3260:4, 37, 29, [], [], 0.541
69:1, 26148:0, 37, 18, [], [], 0.545
69:1, 61792:4, 37, 22, [], [], 0.548
69:1, 20769:1, 37, 9, [], [], 0.550
69:1, 94216:1, 37, 0, [], [], 0.550
69:1, 25472:4, 37, 5, [], [], 0.553
69:1, 9898:0, 37, 17, [], [], 0.553
69:1, 17919:2, 37, 25, [], [], 0.554
69:1, 30348:1, 37, 337, [], [], 0.554
69:1, 33037:2, 37, 90, [], [], 0.554
69:1, 34038:1, 37, 21, [], [], 0.554
69:1, 34931:1, 37, 23, [], [], 0.554
69:1, 59394:1, 37, 171, [], [], 0.554
69:1, 59394:2, 37, 178, [], [], 0.554
69:1, 59670:1, 37, 126, [], [], 0.554
69:1, 66604:1, 37, 122, [], [], 0.554
69:1, 89879:1, 37, 14, [], [], 0.554
69:1, 97145:1, 37, 53, [], [], 0.554
69:1, 50811:1, 37, 256, [], [], 0.554
69:1, 26433:0, 37, 8, [], [], 0.555
69:1, 46179:2, 37, 14, [], [], 0.556
69:1, 5639:1, 37, 9, [], [], 0.557
69:1, 7700:1, 37, 2, [], [], 0.557
69:1, 16025:2, 37, 17, [], [], 0.557
69:1, 16622:2, 37, 105, [], [], 0.557
69:1, 26541:1, 37, 2, [], [], 0.557
69:1, 27132:2, 37, 14, [], [], 0.557
69:1, 32984:1, 37, 8, [], [], 0.557
69:1, 54666:2, 37, 2, [], [], 0.557
69:1, 65823:1, 37, 24, [], [], 0.557
69:1, 67946:1, 37, 23, [], [], 0.557
69:1, 78351:1, 37, 17, [], [], 0.557
69:1, 83997:1, 37, 4, [], [], 0.557
69:1, 85077:1, 37, 5, [], [], 0.557
69:1, 56387:1, 37, 1, [], [], 0.559
69:1, 77662:1, 37, 333, [], [], 0.559
69:1, 30251:0, 37, 13, [], [], 0.559
69:1, 94917:0, 37, 6, [], [], 0.559
69:1, 70368:0, 37, 8, [], [], 0.559
69:1, 80642:3, 37, 0, [], [], 0.559
69:1, 77089:0, 37, 60, [], [], 0.560
69:1, 21003:3, 37, 3, [], [], 0.560
69:1, 93341:3, 37, 2, [], [], 0.560
69:1, 5930:0, 37, 6, [], [], 0.561
69:1, 18287:1, 37, 360, [], [], 0.561
69:1, 27573:0, 37, 18, [], [], 0.561
69:1, 37063:0, 37, 30, [], [], 0.561
69:1, 31628:1, 37, 41, [], [], 0.562
69:1, 36242:1, 37, 4, [], [], 0.562
69:1, 47156:1, 37, 2, [], [], 0.562
69:1, 70063:0, 37, 1, [], [], 0.564
69:1, 89309:0, 37, 15, [], [], 0.564
69:1, 18847:1, 37, 4, [], [], 0.565
69:1, 6033:2, 37, 1, [], [], 0.565
69:1, 72443:0, 37, 30, [], [], 0.565
69:1, 17533:1, 37, 229, [], [], 0.566
69:1, 42504:3, 37, 1, [], [], 0.567
69:1, 38603:0, 37, 38, [], [], 0.567
69:1, 46269:0, 37, 23, [], [], 0.567
69:1, 50062:0, 37, 6, [], [], 0.567
69:1, 50402:0, 37, 28, [], [], 0.567
69:1, 85725:0, 37, 44, [], [], 0.567
69:1, 85788:0, 37, 4, [], [], 0.567
69:1, 99019:0, 37, 88, [], [], 0.567
69:1, 99746:0, 37, 114, [], [], 0.567
69:1, 72710:4, 37, 2094, [], [], 0.567
69:1, 24913:3, 37, 1, [], [], 0.567
69:1, 2338:2, 37, 26, [], [], 0.568
69:1, 12886:2, 37, 68, [], [], 0.568
69:1, 16622:2, 37, 523, [], [], 0.568
69:1, 36652:2, 37, 193, [], [], 0.568
69:1, 45032:2, 37, 9, [], [], 0.568
69:1, 52609:2, 37, 7, [], [], 0.568
69:1, 61183:2, 37, 204, [], [], 0.568
69:1, 62178:2, 37, 39, [], [], 0.568
69:1, 73165:1, 37, 62, [], [], 0.568
69:1, 83059:2, 37, 210, [], [], 0.568
69:1, 83290:1, 37, 18, [], [], 0.568
69:1, 8585:0, 38, 3, [], [], 0.685
69:1, 74444:3, 38, 246, [], [], 0.720
69:1, 10961:3, 38, 1, [], [], 0.730
69:1, 19184:2, 38, 7, [], [], 0.730
69:1, 37668:3, 38, 0, [], [], 0.730
69:1, 39345:3, 38, 33, [], [], 0.730
69:1, 41321:3, 38, 0, [], [], 0.730
69:1, 77988:0, 38, 26, [], [], 0.730
69:1, 81407:3, 38, 0, [], [], 0.730
69:1, 99461:5, 38, 5, [], [], 0.730
69:1, 49512:2, 38, 26, [], [], 0.733
69:1, 28376:0, 38, 8, [], [], 0.738
69:1, 44883:0, 38, 7, [], [], 0.738
69:1, 11584:0, 38, 4, [], [], 0.743
69:1, 18118:1, 38, 7, [], [], 0.743
69:1, 44425:5, 38, 1, [], [], 0.744
69:1, 46755:5, 38, 1, [], [], 0.744
69:1, 63821:0, 38, 1827, [], [], 0.744
69:1, 87160:2, 38, 916, [], [], 0.744
69:1, 91513:2, 38, 15, [], [], 0.744
69:1, 18379:1, 38, 2, [], [], 0.746
69:1, 63:1, 38, 1, [], [], 0.747
69:1, 588:1, 38, 0, [], [], 0.747
69:1, 853:1, 38, 0, [], [], 0.747
69:1, 874:1, 38, 1, [], [], 0.747
69:1, 924:1, 38, 1, [], [], 0.747
69:1, 1352:1, 38, 1, [], [], 0.747
69:1, 1408:1, 38, 1, [], [], 0.747
69:1, 1739:0, 38, 35, [], [], 0.747
69:1, 2003:1, 38, 1, [], [], 0.747
69:1, 2305:1, 38, 44, [], [], 0.747
69:1, 2325:1, 38, 3, [], [], 0.747
69:1, 2459:9, 38, 6, [], [], 0.747
69:1, 2772:1, 38, 0, [], [], 0.747
69:1, 3208:1, 38, 0, [], [], 0.747
69:1, 3259:1, 38, 1, [], [], 0.747
69:1, 3392:1, 38, 1, [], [], 0.747
69:1, 3651:1, 38, 1, [], [], 0.747
69:1, 3929:1, 38, 1, [], [], 0.747
69:1, 4269:1, 38, 1, [], [], 0.747
69:1, 4744:1, 38, 1, [], [], 0.747
69:1, 4952:1, 38, 1, [], [], 0.747
69:1, 5141:1, 38, 24, [], [], 0.747
69:1, 5755:1, 38, 1, [], [], 0.747
69:1, 6073:1, 38, 1, [], [], 0.747
69:1, 6521:1, 38, 0, [], [], 0.747
69:1, 7049:1, 38, 1, [], [], 0.747
69:1, 7468:0, 38, 77, [], [], 0.747
69:1, 7989:1, 38, 0, [], [], 0.747
69:1, 8109:1, 38, 1, [], [], 0.747
69:1, 8172:1, 38, 1, [], [], 0.747
69:1, 8186:1, 38, 1, [], [], 0.747
69:1, 8458:1, 38, 1, [], [], 0.747
69:1, 9127:1, 38, 1, [], [], 0.747
69:1, 9492:1, 38, 1, [], [], 0.747
69:1, 9561:1, 38, 1, [], [], 0.747
69:1, 9973:1, 38, 1, [], [], 0.747
69:1, 10171:1, 38, 1, [], [], 0.747
69:1, 10253:1, 38, 1, [], [], 0.747
69:1, 10566:1, 38, 1, [], [], 0.747
69:1, 10951:1, 38, 1, [], [], 0.747
69:1, 11078:1, 38, 1, [], [], 0.747
69:1, 11550:1, 38, 1, [], [], 0.747
69:1, 11789:3, 38, 0, [], [], 0.747
69:1, 12079:1, 38, 0, [], [], 0.747
69:1, 12241:1, 38, 1, [], [], 0.747
69:1, 12497:1, 38, 1, [], [], 0.747
69:1, 12992:1, 38, 1, [], [], 0.747
69:1, 13107:1, 38, 1, [], [], 0.747
69:1, 14051:1, 38, 1, [], [], 0.747
69:1, 13872:1, 38, 1, [], [], 0.747
69:1, 14177:1, 38, 1, [], [], 0.747
69:1, 14697:1, 38, 1, [], [], 0.747
69:1, 14919:1, 38, 1, [], [], 0.747
69:1, 15732:1, 38, 1, [], [], 0.747
69:1, 16107:1, 38, 1, [], [], 0.747
69:1, 16334:1, 38, 1, [], [], 0.747
69:1, 17498:1, 38, 1, [], [], 0.747
69:1, 17652:5, 38, 0, [], [], 0.747
69:1, 17706:1, 38, 1, [], [], 0.747
69:1, 18066:1, 38, 0, [], [], 0.747
69:1, 18107:1, 38, 0, [], [], 0.747
69:1, 18597:1, 38, 1, [], [], 0.747
69:1, 19058:1, 38, 1, [], [], 0.747
69:1, 19341:3, 38, 0, [], [], 0.747
69:1, 19545:1, 38, 0, [], [], 0.747
69:1, 19445:1, 38, 1, [], [], 0.747
69:1, 19624:1, 38, 1, [], [], 0.747
69:1, 20693:2, 38, 0, [], [], 0.747
69:1, 20936:0, 38, 1, [], [], 0.747
69:1, 22089:1, 38, 1, [], [], 0.747
69:1, 23947:1, 38, 1, [], [], 0.747
69:1, 24031:1, 38, 1, [], [], 0.747
69:1, 24069:0, 38, 4, [], [], 0.747
69:1, 24114:1, 38, 1, [], [], 0.747
69:1, 24160:1, 38, 1, [], [], 0.747
69:1, 24280:0, 38, 2, [], [], 0.747
69:1, 24946:1, 38, 1, [], [], 0.747
69:1, 25102:1, 38, 1, [], [], 0.747
69:1, 99819:1, 38, 0, [], [], 0.747
69:1, 75864:2, 39, 201, [], [], 0.194
69:1, 26555:0, 39, 6, [], [], 0.204
69:1, 68717:1, 39, 62, [], [], 0.209
69:1, 85546:0, 39, 5, [], [], 0.216
69:1, 23785:0, 39, 1, [], [], 0.218
69:1, 87791:0, 39, 0, [], [], 0.218
69:1, 98466:0, 39, 17, [], [], 0.222
69:1, 3317:1, 39, 19, [], [], 0.224
69:1, 8077:1, 39, 13, [], [], 0.228
69:1, 63211:0, 39, 62, [], [], 0.231
69:1, 31627:1, 39, 17, [], [], 0.235
69:1, 38600:1, 39, 16, [], [], 0.235
69:1, 75487:1, 39, 16, [], [], 0.235
69:1, 96716:1, 39, 17, [], [], 0.235
69:1, 38548:3, 39, 12, [], [], 0.237
69:1, 37830:0, 39, 21, [], [], 0.241
69:1, 1178:0, 39, 2, [], [], 0.243
69:1, 40231:0, 39, 2, [], [], 0.243
69:1, 64821:0, 39, 5, [], [], 0.243
69:1, 76119:0, 39, 2, [], [], 0.243
69:1, 65240:1, 39, 12, [], [], 0.244
69:1, 1708:0, 39, 1589, [], [], 0.245
69:1, 10296:0, 39, 3, [], [], 0.245
69:1, 10729:0, 39, 10, [], [], 0.245
69:1, 31404:0, 39, 88, [], [], 0.245
69:1, 48087:0, 39, 13, [], [], 0.245
69:1, 51333:0, 39, 15, [], [], 0.245
69:1, 54807:3, 39, 40, [], [], 0.245
69:1, 55178:0, 39, 48, [], [], 0.245
69:1, 56660:0, 39, 20, [], [], 0.245
69:1, 68473:0, 39, 3, [], [], 0.245
69:1, 72278:0, 39, 20, [], [], 0.245
69:1, 76954:0, 39, 1, [], [], 0.245
69:1, 83288:0, 39, 31, [], [], 0.245
69:1, 84497:0, 39, 2, [], [], 0.245
69:1, 84964:0, 39, 1, [], [], 0.245
69:1, 97137:0, 39, 4, [], [], 0.245
69:1, 17754:8, 39, 5, [], [], 0.246
69:1, 72710:3, 39, 443, [], [], 0.248
69:1, 55555:2, 39, 1, [], [], 0.248
69:1, 25190:0, 39, 4, [], [], 0.249
69:1, 56208:2, 39, 103, [], [], 0.250
69:1, 61489:1, 39, 100, [], [], 0.250
69:1, 84604:2, 39, 103, [], [], 0.250
69:1, 92112:0, 39, 161, [], [], 0.251
69:1, 62220:0, 39, 4, [], [], 0.251
69:1, 35281:0, 39, 1, [], [], 0.251
69:1, 84615:2, 39, 20, [], [], 0.251
69:1, 45970:6, 39, 4, [], [], 0.251
69:1, 74115:1, 39, 1, [], [], 0.252
69:1, 60067:1, 39, 44, [], [], 0.253
69:1, 73532:0, 39, 57, [], [], 0.254
69:1, 38074:0, 39, 176, [], [], 0.255
69:1, 51984:6, 39, 60, [], [], 0.256
69:1, 10687:0, 39, 37, [], [], 0.256
69:1, 37767:1, 39, 11, [], [], 0.256
69:1, 77981:0, 39, 49, [], [], 0.256
69:1, 27656:0, 39, 14, [], [], 0.257
69:1, 66330:0, 39, 2, [], [], 0.257
69:1, 42599:0, 39, 11, [], [], 0.258
69:1, 98432:1, 39, 34, [], [], 0.258
69:1, 97627:0, 39, 38, [], [], 0.258
69:1, 63286:1, 39, 6, [], [], 0.259
69:1, 1556:1, 39, 41, [], [], 0.259
69:1, 539:0, 39, 0, [], [], 0.260
69:1, 4347:3, 39, 0, [], [], 0.260
69:1, 6010:0, 39, 0, [], [], 0.260
69:1, 6415:0, 39, 1, [], [], 0.260
69:1, 13325:3, 39, 0, [], [], 0.260
69:1, 14852:0, 39, 5, [], [], 0.260
69:1, 18430:0, 39, 10, [], [], 0.260
69:1, 29567:0, 39, 0, [], [], 0.260
69:1, 37371:0, 39, 6, [], [], 0.260
69:1, 40222:3, 39, 0, [], [], 0.260
69:1, 44308:0, 39, 0, [], [], 0.260
69:1, 44813:0, 39, 0, [], [], 0.260
69:1, 47364:0, 39, 0, [], [], 0.260
69:1, 48224:3, 39, 0, [], [], 0.260
69:1, 55402:3, 39, 0, [], [], 0.260
69:1, 59464:0, 39, 0, [], [], 0.260
69:1, 66591:0, 39, 16, [], [], 0.260
69:1, 66780:0, 39, 0, [], [], 0.260
69:1, 68861:0, 39, 11, [], [], 0.260
69:1, 69932:3, 39, 0, [], [], 0.260
69:1, 71222:3, 39, 0, [], [], 0.260
69:1, 75105:3, 39, 0, [], [], 0.260
69:1, 75617:3, 39, 31, [], [], 0.260
69:1, 80864:0, 39, 14, [], [], 0.260
69:1, 81883:0, 39, 3, [], [], 0.260
69:1, 83638:3, 39, 0, [], [], 0.260
69:1, 90179:3, 39, 0, [], [], 0.260
69:1, 96526:0, 39, 0, [], [], 0.260
69:1, 11283:0, 39, 13, [], [], 0.260
69:1, 54634:1, 39, 117, [], [], 0.261
69:1, 61253:0, 39, 8, [], [], 0.261
69:1, 31944:1, 39, 15, [], [], 0.261
69:1, 1708:0, 39, 1586, [], [], 0.262
69:1, 11259:0, 39, 3, [], [], 0.262
69:1, 16249:0, 39, 10, [], [], 0.262
69:1, 19511:0, 39, 24, [], [], 0.262
69:1, 70020:0, 40, 4, [], [], 0.838
69:1, 36366:2, 40, 4, [], [], 0.843
69:1, 64218:0, 40, 24, [], [], 0.895
69:1, 931:4, 40, 2, [], [], 0.929
69:1, 939:4, 40, 2, [], [], 0.929
69:1, 2715:4, 40, 2, [], [], 0.929
69:1, 2787:4, 40, 2, [], [], 0.929
69:1, 2988:4, 40, 2, [], [], 0.929
69:1, 4578:4, 40, 2, [], [], 0.929
69:1, 7557:2, 40, 19, [], [], 0.929
69:1, 8373:4, 40, 2, [], [], 0.929
69:1, 8939:1, 40, 23, [], [], 0.929
69:1, 9721:1, 40, 1, [], [], 0.929
69:1, 10318:1, 40, 0, [], [], 0.929
69:1, 10478:4, 40, 2, [], [], 0.929
69:1, 10981:4, 40, 2, [], [], 0.929
69:1, 11687:4, 40, 2, [], [], 0.929
69:1, 13669:4, 40, 2, [], [], 0.929
69:1, 13738:1, 40, 38, [], [], 0.929
69:1, 15692:4, 40, 2, [], [], 0.929
69:1, 16747:4, 40, 2, [], [], 0.929
69:1, 17188:0, 40, 7, [], [], 0.929
69:1, 17863:4, 40, 2, [], [], 0.929
69:1, 18412:4, 40, 2, [], [], 0.929
69:1, 18388:4, 40, 2, [], [], 0.929
69:1, 21975:4, 40, 2, [], [], 0.929
69:1, 25496:1, 40, 2, [], [], 0.929
69:1, 25876:0, 40, 0, [], [], 0.929
69:1, 26503:4, 40, 2, [], [], 0.929
69:1, 28724:4, 40, 2, [], [], 0.929
69:1, 28939:4, 40, 2, [], [], 0.929
69:1, 33692:4, 40, 2, [], [], 0.929
69:1, 34188:1, 40, 0, [], [], 0.929
69:1, 35903:1, 40, 6, [], [], 0.929
69:1, 36135:4, 40, 2, [], [], 0.929
69:1, 36520:4, 40, 2, [], [], 0.929
69:1, 37505:4, 40, 2, [], [], 0.929
69:1, 37817:4, 40, 2, [], [], 0.929
69:1, 37946:1, 40, 2, [], [], 0.929
69:1, 39141:4, 40, 2, [], [], 0.929
69:1, 40481:4, 40, 2, [], [], 0.929
69:1, 40736:4, 40, 2, [], [], 0.929
69:1, 41445:4, 40, 2, [], [], 0.929
69:1, 42209:0, 40, 7, [], [], 0.929
69:1, 43179:4, 40, 2, [], [], 0.929
69:1, 43362:4, 40, 2, [], [], 0.929
69:1, 49400:4, 40, 2, [], [], 0.929
69:1, 53852:4, 40, 2, [], [], 0.929
69:1, 54105:4, 40, 2, [], [], 0.929
69:1, 55168:4, 40, 2, [], [], 0.929
69:1, 55472:4, 40, 2, [], [], 0.929
69:1, 56012:4, 40, 2, [], [], 0.929
69:1, 56443:4, 40, 2, [], [], 0.929
69:1, 58156:4, 40, 2, [], [], 0.929
69:1, 59416:7, 40, 9, [], [], 0.929
69:1, 60847:4, 40, 2, [], [], 0.929
69:1, 62965:4, 40, 2, [], [], 0.929
69:1, 63449:4, 40, 2, [], [], 0.929
69:1, 63768:1, 40, 3, [], [], 0.929
69:1, 63957:4, 40, 2, [], [], 0.929
69:1, 64221:4, 40, 2, [], [], 0.929
69:1, 64870:4, 40, 3, [], [], 0.929
69:1, 64870:7, 40, 0, [], [], 0.929
69:1, 67114:4, 40, 2, [], [], 0.929
69:1, 67124:4, 40, 2, [], [], 0.929
69:1, 67159:4, 40, 2, [], [], 0.929
69:1, 67415:4, 40, 2, [], [], 0.929
69:1, 71135:4, 40, 2, [], [], 0.929
69:1, 71216:4, 40, 2, [], [], 0.929
69:1, 71611:4, 40, 2, [], [], 0.929
69:1, 71989:5, 40, 1, [], [], 0.929
69:1, 75689:4, 40, 2, [], [], 0.929
69:1, 77435:4, 40, 2, [], [], 0.929
69:1, 77701:4, 40, 2, [], [], 0.929
69:1, 78066:4, 40, 2, [], [], 0.929
69:1, 79678:2, 40, 6, [], [], 0.929
69:1, 80035:4, 40, 2, [], [], 0.929
69:1, 80584:4, 40, 2, [], [], 0.929
69:1, 81623:4, 40, 2, [], [], 0.929
69:1, 83423:4, 40, 2, [], [], 0.929
69:1, 83595:4, 40, 2, [], [], 0.929
69:1, 86600:4, 40, 2, [], [], 0.929
69:1, 87403:4, 40, 2, [], [], 0.929
69:1, 89385:4, 40, 2, [], [], 0.929
69:1, 89582:1, 40, 3, [], [], 0.929
69:1, 89817:4, 40, 2, [], [], 0.929
69:1, 92208:4, 40, 2, [], [], 0.929
69:1, 94877:4, 40, 2, [], [], 0.929
69:1, 96579:4, 40, 2, [], [], 0.929
69:1, 97015:4, 40, 2, [], [], 0.929
69:1, 97063:4, 40, 2, [], [], 0.929
69:1, 97131:4, 40, 2, [], [], 0.929
69:1, 97270:4, 40, 2, [], [], 0.929
69:1, 99164:4, 40, 2, [], [], 0.929
69:1, 88651:3, 40, 25, [], [], 0.944
69:1, 98024:5, 40, 815, [], [], 0.944
69:1, 50755:4, 40, 7, [], [], 0.950
69:1, 72009:1, 40, 58, [], [], 0.950
69:1, 98384:0, 40, 1, [], [], 0.960
69:1, 72710:1, 40, 1976, [], [], 0.972
69:1, 32519:4, 41, 7, [], [], 0.343
69:1, 87160:0, 41, 1315, [], [], 0.349
69:1, 35489:2, 41, 51, [], [], 0.366
69:1, 2256:2, 41, 3, [], [], 0.372
69:1, 15674:2, 41, 3, [], [], 0.372
69:1, 34835:2, 41, 3, [], [], 0.372
69:1, 41534:2, 41, 3, [], [], 0.372
69:1, 43429:2, 41, 3, [], [], 0.372
69:1, 45348:2, 41, 3, [], [], 0.372
69:1, 45429:2, 41, 3, [], [], 0.372
69:1, 65736:2, 41, 3, [], [], 0.372
69:1, 84128:2, 41, 3, [], [], 0.372
69:1, 94074:2, 41, 3, [], [], 0.372
69:1, 58305:2, 41, 7, [], [], 0.372
69:1, 35764:1, 41, 0, [], [], 0.375
69:1, 50196:3, 41, 12, [], [], 0.377
69:1, 93454:0, 41, 3, [], [], 0.380
69:1, 67963:0, 41, 17, [], [], 0.388
69:1, 47326:1, 41, 25, [], [], 0.389
69:1, 6789:4, 41, 2, [], [], 0.391
69:1, 88814:0, 41, 1086, [], [], 0.394
69:1, 4455:2, 41, 16, [], [], 0.394
69:1, 1961:4, 41, 5, [], [], 0.396
69:1, 91166:4, 41, 154, [], [], 0.397
69:1, 16389:0, 41, 1, [], [], 0.402
69:1, 66567:0, 41, 2, [], [], 0.402
69:1, 46423:7, 41, 268, [], [], 0.402
69:1, 31364:1, 41, 26, [], [], 0.403
69:1, 83174:3, 41, 31, [], [], 0.404
69:1, 16131:6, 41, 2, [], [], 0.405
69:1, 23074:2, 41, 17, [], [], 0.405
69:1, 45350:8, 41, 5, [], [], 0.405
69:1, 49063:6, 41, 10, [], [], 0.405
69:1, 93247:4, 41, 4, [], [], 0.406
69:1, 25933:3, 41, 8, [], [], 0.406
69:1, 71511:0, 41, 40, [], [], 0.406
69:1, 91946:0, 41, 8, [], [], 0.406
69:1, 44770:1, 41, 12, [], [], 0.407
69:1, 54707:1, 41, 35, [], [], 0.407
69:1, 61283:1, 41, 0, [], [], 0.409
69:1, 13804:5, 41, 17, [], [], 0.409
69:1, 20769:2, 41, 46, [], [], 0.409
69:1, 37079:1, 41, 90, [], [], 0.409
69:1, 67652:1, 41, 0, [], [], 0.409
69:1, 62485:1, 41, 14, [], [], 0.410
69:1, 82930:1, 41, 17, [], [], 0.410
69:1, 98928:1, 41, 28, [], [], 0.410
69:1, 78995:1, 41, 14, [], [], 0.411
69:1, 62489:2, 41, 532, [], [], 0.412
69:1, 72710:4, 41, 2994, [], [], 0.412
69:1, 56369:1, 41, 16, [], [], 0.412
69:1, 82157:0, 41, 7, [], [], 0.413
69:1, 94365:1, 41, 8, [], [], 0.413
69:1, 29051:1, 41, 4, [], [], 0.414
69:1, 45452:0, 41, 13, [], [], 0.414
69:1, 38644:4, 41, 1, [], [], 0.415
69:1, 30900:3, 41, 45, [], [], 0.415
69:1, 54707:0, 41, 11, [], [], 0.416
69:1, 15658:2, 41, 13, [], [], 0.416
69:1, 94732:4, 41, 134, [], [], 0.417
69:1, 12765:7, 41, 5, [], [], 0.418
69:1, 72414:3, 41, 8, [], [], 0.418
69:1, 10823:4, 41, 4, [], [], 0.418
69:1, 29188:4, 41, 4, [], [], 0.418
69:1, 61911:0, 41, 2, [], [], 0.418
69:1, 90531:4, 41, 36, [], [], 0.418
69:1, 69250:3, 41, 34, [], [], 0.419
69:1, 5181:3, 41, 16, [], [], 0.419
69:1, 1661:1, 41, 1, [], [], 0.419
69:1, 46423:7, 41, 6, [], [], 0.420
69:1, 19364:3, 41, 30, [], [], 0.421
69:1, 19747:0, 41, 26, [], [], 0.421
69:1, 47705:8, 41, 528, [], [], 0.422
69:1, 47702:0, 41, 2, [], [], 0.423
69:1, 59482:4, 41, 1, [], [], 0.424
69:1, 13409:1, 41, 19, [], [], 0.424
69:1, 38901:0, 41, 16, [], [], 0.425
69:1, 79576:4, 41, 9, [], [], 0.425
69:1, 74073:0, 41, 6, [], [], 0.426
69:1, 59686:1, 41, 18, [], [], 0.426
69:1, 69559:1, 41, 8, [], [], 0.427
69:1, 47309:0, 41, 18, [], [], 0.427
69:1, 21583:2, 41, 5, [], [], 0.427
69:1, 51711:2, 41, 4, [], [], 0.427
69:1, 34418:0, 41, 33, [], [], 0.428
69:1, 47773:0, 41, 33, [], [], 0.428
69:1, 56677:6, 41, 1, [], [], 0.429
69:1, 92880:1, 41, 0, [], [], 0.429
69:1, 8374:0, 41, 16, [], [], 0.429
69:1, 98936:1, 41, 525, [], [], 0.429
69:1, 89623:7, 41, 2, [], [], 0.429
69:1, 52908:0, 41, 10, [], [], 0.429
69:1, 27375:3, 41, 14, [], [], 0.429
69:1, 96943:3, 41, 14, [], [], 0.429
69:1, 34451:3, 41, 77, [], [], 0.430
69:1, 57339:0, 41, 49, [], [], 0.430
69:1, 51710:0, 41, 3, [], [], 0.430
69:1, 68777:1, 41, 5, [], [], 0.431
69:1, 63159:0, 41, 131, [], [], 0.431
69:1, 42858:0, 41, 3, [], [], 0.431
69:1, 22826:10, 42, 9, [], [], 0.488
69:1, 14195:0, 42, 8, [], [], 0.544
69:1, 52384:6, 42, 0, [], [], 0.544
69:1, 57907:5, 42, 2, [], [], 0.544
69:1, 61391:6, 42, 0, [], [], 0.544
69:1, 64820:0, 42, 2, [], [], 0.544
69:1, 74841:3, 42, 3, [], [], 0.544
69:1, 46913:4, 42, 1, [], [], 0.564
69:1, 53391:0, 42, 11, [], [], 0.573
69:1, 54250:0, 42, 13, [], [], 0.573
69:1, 94265:2, 42, 1, [], [], 0.573
69:1, 99442:1, 42, 4, [], [], 0.578
69:1, 86095:1, 42, 12, [], [], 0.584
69:1, 93274:1, 42, 10, [], [], 0.584
69:1, 1184:6, 42, 2, [], [], 0.587
69:1, 4591:6, 42, 2, [], [], 0.587
69:1, 5917:6, 42, 2, [], [], 0.587
69:1, 7500:6, 42, 2, [], [], 0.587
69:1, 12807:6, 42, 2, [], [], 0.587
69:1, 17293:6, 42, 1, [], [], 0.587
69:1, 19738:6, 42, 1, [], [], 0.587
69:1, 22542:6, 42, 1, [], [], 0.587
69:1, 27991:6, 42, 1, [], [], 0.587
69:1, 30065:6, 42, 2, [], [], 0.587
69:1, 32978:6, 42, 0, [], [], 0.587
69:1, 35165:6, 42, 1, [], [], 0.587
69:1, 40397:6, 42, 2, [], [], 0.587
69:1, 56388:6, 42, 0, [], [], 0.587
69:1, 56958:6, 42, 0, [], [], 0.587
69:1, 81776:6, 42, 2, [], [], 0.587
69:1, 83928:6, 42, 1, [], [], 0.587
69:1, 86871:6, 42, 2, [], [], 0.587
69:1, 89335:6, 42, 1, [], [], 0.587
69:1, 89543:6, 42, 1, [], [], 0.587
69:1, 46179:1, 42, 15, [], [], 0.616
69:1, 34803:1, 42, 43, [], [], 0.623
69:1, 17831:2, 42, 66, [], [], 0.632
69:1, 92974:0, 42, 0, [], [], 0.634
69:1, 28903:5, 42, 14, [], [], 0.640
69:1, 43892:7, 42, 1, [], [], 0.640
69:1, 335:17, 42, 18, [], [], 0.642
69:1, 5817:17, 42, 21, [], [], 0.642
69:1, 15828:15, 42, 3, [], [], 0.642
69:1, 32295:17, 42, 18, [], [], 0.642
69:1, 47562:17, 42, 9, [], [], 0.642
69:1, 72531:17, 42, 6, [], [], 0.642
69:1, 78011:14, 42, 2, [], [], 0.642
69:1, 7835:4, 42, 5, [], [], 0.642
69:1, 94308:3, 42, 5, [], [], 0.642
69:1, 20979:0, 42, 3, [], [], 0.655
69:1, 27274:5, 42, 0, [], [], 0.655
69:1, 65533:6, 42, 192, [], [], 0.664
69:1, 4779:4, 42, 4, [], [], 0.664
69:1, 7769:2, 42, 4, [], [], 0.664
69:1, 14800:2, 42, 9, [], [], 0.664
69:1, 19665:5, 42, 11, [], [], 0.664
69:1, 22636:2, 42, 0, [], [], 0.664
69:1, 26241:3, 42, 0, [], [], 0.664
69:1, 27008:2, 42, 11, [], [], 0.664
69:1, 31403:2, 42, 8, [], [], 0.664
69:1, 31403:3, 42, 10, [], [], 0.664
69:1, 33294:7, 42, 0, [], [], 0.664
69:1, 36327:5, 42, 9, [], [], 0.664
69:1, 40339:2, 42, 5, [], [], 0.664
69:1, 43584:5, 42, 8, [], [], 0.664
69:1, 44431:1, 42, 1, [], [], 0.664
69:1, 50285:2, 42, 5, [], [], 0.664
69:1, 53498:3, 42, 6, [], [], 0.664
69:1, 53782:1, 42, 3, [], [], 0.664
69:1, 53919:2, 42, 0, [], [], 0.664
69:1, 55866:3, 42, 6, [], [], 0.664
69:1, 57541:3, 42, 4, [], [], 0.664
69:1, 61403:4, 42, 2, [], [], 0.664
69:1, 65077:1, 42, 1, [], [], 0.664
69:1, 65988:1, 42, 1, [], [], 0.664
69:1, 69884:2, 42, 9, [], [], 0.664
69:1, 76080:2, 42, 4, [], [], 0.664
69:1, 82401:2, 42, 9, [], [], 0.664
69:1, 82401:3, 42, 7, [], [], 0.664
69:1, 83703:4, 42, 1, [], [], 0.664
69:1, 87566:3, 42, 4, [], [], 0.664
69:1, 96776:5, 42, 2, [], [], 0.664
69:1, 98800:2, 42, 9, [], [], 0.664
69:1, 98800:3, 42, 7, [], [], 0.664
69:1, 99261:4, 42, 4, [], [], 0.664
69:1, 18849:1, 42, 9, [], [], 0.665
69:1, 68200:0, 42, 211, [], [], 0.666
69:1, 44935:1, 42, 66, [], [], 0.669
69:1, 44710:5, 42, 6, [], [], 0.673
69:1, 42563:0, 42, 7, [], [], 0.679
69:1, 48896:5, 42, 1, [], [], 0.679
69:1, 19657:3, 42, 2, [], [], 0.683
69:1, 53997:0, 42, 46, [], [], 0.683
69:1, 12325:1, 42, 36, [], [], 0.684
69:1, 13409:1, 42, 15, [], [], 0.684
69:1, 18117:1, 42, 17, [], [], 0.684
69:1, 28462:1, 42, 17, [], [], 0.684
69:1, 41234:1, 42, 27, [], [], 0.684
69:1, 45521:1, 42, 23, [], [], 0.684
69:1, 99548:1, 42, 49, [], [], 0.684
69:1, 79491:2, 43, 0, [], [], 0.400
69:1, 81613:1, 43, 36, [], [], 0.404
69:1, 36714:0, 43, 22, [], [], 0.406
69:1, 89806:1, 43, 2111, [], [], 0.416
69:1, 77662:1, 43, 515, [], [], 0.417
69:1, 44616:2, 43, 0, [], [], 0.437
69:1, 38734:1, 43, 42, [], [], 0.440
69:1, 19666:3, 43, 6, [], [], 0.440
69:1, 59088:3, 43, 4, [], [], 0.440
69:1, 95877:3, 43, 6, [], [], 0.440
69:1, 59299:15, 43, 67, [], [], 0.441
69:1, 70092:1, 43, 28, [], [], 0.447
69:1, 46129:9, 43, 11, [], [], 0.451
69:1, 90822:7, 43, 14, [], [], 0.452
69:1, 22754:2, 43, 0, [], [], 0.458
69:1, 36932:7, 43, 1, [], [], 0.458
69:1, 59434:4, 43, 2, [], [], 0.458
69:1, 59434:7, 43, 2, [], [], 0.458
69:1, 65287:1, 43, 3, [], [], 0.458
69:1, 71673:1, 43, 3, [], [], 0.458
69:1, 86090:0, 43, 2, [], [], 0.460
69:1, 37298:1, 43, 183, [], [], 0.462
69:1, 35568:2, 43, 5, [], [], 0.463
69:1, 61211:2, 43, 3, [], [], 0.463
69:1, 3054:7, 43, 31, [], [], 0.464
69:1, 6504:2, 43, 8, [], [], 0.464
69:1, 6930:2, 43, 5, [], [], 0.464
69:1, 10496:7, 43, 9, [], [], 0.464
69:1, 21963:0, 43, 6, [], [], 0.464
69:1, 28328:2, 43, 7, [], [], 0.464
69:1, 66784:2, 43, 8, [], [], 0.464
69:1, 77134:2, 43, 7, [], [], 0.464
69:1, 79551:2, 43, 8, [], [], 0.464
69:1, 81322:2, 43, 7, [], [], 0.464
69:1, 91192:2, 43, 130, [], [], 0.465
69:1, 80674:0, 43, 13, [], [], 0.466
69:1, 97624:15, 43, 124, [], [], 0.466
69:1, 80602:0, 43, 33, [], [], 0.469
69:1, 86885:3, 43, 576, [], [], 0.469
69:1, 16820:3, 43, 10, [], [], 0.471
69:1, 19870:3, 43, 12, [], [], 0.471
69:1, 26623:3, 43, 4, [], [], 0.471
69:1, 39256:3, 43, 32, [], [], 0.471
69:1, 40542:3, 43, 19, [], [], 0.471
69:1, 57948:3, 43, 48, [], [], 0.471
69:1, 93063:3, 43, 7, [], [], 0.471
69:1, 79637:0, 43, 8, [], [], 0.472
69:1, 76770:0, 43, 4, [], [], 0.472
69:1, 65533:3, 43, 115, [], [], 0.472
69:1, 14179:2, 43, 8, [], [], 0.473
69:1, 16622:2, 43, 184, [], [], 0.473
69:1, 17681:0, 43, 2, [], [], 0.473
69:1, 24521:2, 43, 4, [], [], 0.473
69:1, 27275:1, 43, 20, [], [], 0.473
69:1, 32802:2, 43, 26, [], [], 0.473
69:1, 37569:2, 43, 43, [], [], 0.473
69:1, 52777:1, 43, 4, [], [], 0.473
69:1, 78606:2, 43, 28, [], [], 0.473
69:1, 79231:0, 43, 61, [], [], 0.473
69:1, 84851:2, 43, 8, [], [], 0.473
69:1, 35241:1, 43, 59, [], [], 0.473
69:1, 48552:1, 43, 5, [], [], 0.473
69:1, 83559:1, 43, 5, [], [], 0.473
69:1, 86885:3, 43, 20, [], [], 0.474
69:1, 7302:2, 43, 4, [], [], 0.474
69:1, 30987:0, 43, 10, [], [], 0.476
69:1, 68905:3, 43, 203, [], [], 0.476
69:1, 82221:3, 43, 3, [], [], 0.479
69:1, 33201:1, 43, 33, [], [], 0.480
69:1, 61927:0, 43, 8, [], [], 0.480
69:1, 36912:15, 43, 24, [], [], 0.481
69:1, 36912:15, 43, 64, [], [], 0.481
69:1, 26511:1, 43, 719, [], [], 0.481
69:1, 86878:3, 43, 4, [], [], 0.482
69:1, 84385:1, 43, 303, [], [], 0.482
69:1, 10228:2, 43, 6, [], [], 0.483
69:1, 31155:2, 43, 6, [], [], 0.483
69:1, 41839:2, 43, 8, [], [], 0.483
69:1, 61211:2, 43, 6, [], [], 0.483
69:1, 78362:2, 43, 8, [], [], 0.483
69:1, 97624:15, 43, 46, [], [], 0.486
69:1, 30854:0, 43, 3, [], [], 0.486
69:1, 88044:0, 43, 45, [], [], 0.486
69:1, 32804:2, 43, 7, [], [], 0.486
69:1, 59299:15, 43, 63, [], [], 0.486
69:1, 36669:0, 43, 5, [], [], 0.488
69:1, 14426:0, 43, 10, [], [], 0.488
69:1, 49417:0, 43, 10, [], [], 0.488
69:1, 92462:0, 43, 10, [], [], 0.488
69:1, 95467:0, 43, 10, [], [], 0.488
69:1, 47444:1, 43, 5, [], [], 0.489
69:1, 89806:1, 43, 2497, [], [], 0.489
69:1, 59365:2, 43, 44, [], [], 0.490
69:1, 32687:0, 43, 3, [], [], 0.490
69:1, 34284:0, 43, 3, [], [], 0.490
69:1, 73521:0, 43, 3, [], [], 0.490
69:1, 23408:2, 43, 4, [], [], 0.491
69:1, 31155:2, 43, 3, [], [], 0.491
69:1, 35568:2, 43, 4, [], [], 0.491
69:1, 56747:2, 43, 5, [], [], 0.491
69:1, 89806:1, 44, 586, [], [], 0.367
69:1, 35938:3, 44, 13, [], [], 0.404
69:1, 94228:0, 44, 1, [], [], 0.406
69:1, 49552:2, 44, 19, [], [], 0.412
69:1, 89806:1, 44, 76, [], [], 0.420
69:1, 16622:0, 44, 185, [], [], 0.426
69:1, 88646:2, 44, 6, [], [], 0.432
69:1, 590:0, 44, 12, [], [], 0.439
69:1, 8259:0, 44, 27, [], [], 0.439
69:1, 26997:0, 44, 27, [], [], 0.439
69:1, 75975:0, 44, 22, [], [], 0.439
69:1, 84277:0, 44, 8, [], [], 0.441
69:1, 89806:1, 44, 568, [], [], 0.442
69:1, 8266:3, 44, 5, [], [], 0.443
69:1, 89806:1, 44, 535, [], [], 0.444
69:1, 89765:2, 44, 36, [], [], 0.445
69:1, 35853:2, 44, 3, [], [], 0.445
69:1, 58908:4, 44, 8, [], [], 0.446
69:1, 89806:1, 44, 216, [], [], 0.448
69:1, 1417:2, 44, 14, [], [], 0.448
69:1, 6145:2, 44, 18, [], [], 0.448
69:1, 14692:2, 44, 11, [], [], 0.448
69:1, 14781:2, 44, 21, [], [], 0.448
69:1, 17275:2, 44, 24, [], [], 0.448
69:1, 17436:2, 44, 12, [], [], 0.448
69:1, 18850:2, 44, 21, [], [], 0.448
69:1, 23977:2, 44, 19, [], [], 0.448
69:1, 26101:2, 44, 21, [], [], 0.448
69:1, 35472:2, 44, 17, [], [], 0.448
69:1, 35677:2, 44, 18, [], [], 0.448
69:1, 39821:2, 44, 18, [], [], 0.448
69:1, 40672:2, 44, 12, [], [], 0.448
69:1, 42685:2, 44, 15, [], [], 0.448
69:1, 43713:2, 44, 15, [], [], 0.448
69:1, 45971:2, 44, 21, [], [], 0.448
69:1, 47779:2, 44, 16, [], [], 0.448
69:1, 54134:2, 44, 14, [], [], 0.448
69:1, 54772:2, 44, 14, [], [], 0.448
69:1, 55498:2, 44, 14, [], [], 0.448
69:1, 58035:2, 44, 18, [], [], 0.448
69:1, 58233:2, 44, 24, [], [], 0.448
69:1, 62436:2, 44, 12, [], [], 0.448
69:1, 62671:2, 44, 12, [], [], 0.448
69:1, 70054:2, 44, 10, [], [], 0.448
69:1, 73963:2, 44, 24, [], [], 0.448
69:1, 74442:2, 44, 24, [], [], 0.448
69:1, 75495:2, 44, 18, [], [], 0.448
69:1, 76197:2, 44, 14, [], [], 0.448
69:1, 77510:2, 44, 19, [], [], 0.448
69:1, 78574:2, 44, 23, [], [], 0.448
69:1, 79559:2, 44, 14, [], [], 0.448
69:1, 80094:2, 44, 21, [], [], 0.448
69:1, 80274:2, 44, 19, [], [], 0.448
69:1, 81132:2, 44, 18, [], [], 0.448
69:1, 83226:2, 44, 18, [], [], 0.448
69:1, 86425:2, 44, 18, [], [], 0.448
69:1, 88199:2, 44, 17, [], [], 0.448
69:1, 94475:2, 44, 16, [], [], 0.448
69:1, 94583:2, 44, 21, [], [], 0.448
69:1, 96985:2, 44, 21, [], [], 0.448
69:1, 97930:2, 44, 15, [], [], 0.448
69:1, 99095:2, 44, 12, [], [], 0.448
69:1, 69593:0, 44, 12, [], [], 0.449
69:1, 44939:2, 44, 272, [], [], 0.450
69:1, 58498:0, 44, 10, [], [], 0.455
69:1, 91366:3, 44, 23, [], [], 0.456
69:1, 28846:0, 44, 4, [], [], 0.457
69:1, 53277:0, 44, 18, [], [], 0.458
69:1, 19632:1, 44, 4, [], [], 0.458
69:1, 41288:1, 44, 27, [], [], 0.458
69:1, 89806:1, 44, 544, [], [], 0.459
69:1, 47125:0, 44, 46, [], [], 0.462
69:1, 51937:1, 44, 107, [], [], 0.462
69:1, 89806:1, 44, 638, [], [], 0.463
69:1, 1682:4, 44, 0, [], [], 0.463
69:1, 63776:4, 44, 0, [], [], 0.463
69:1, 23074:0, 44, 14, [], [], 0.464
69:1, 47625:3, 44, 64, [], [], 0.464
69:1, 37498:0, 44, 61, [], [], 0.466
69:1, 78803:0, 44, 305, [], [], 0.466
69:1, 89806:1, 44, 292, [], [], 0.466
69:1, 97916:2, 44, 62, [], [], 0.466
69:1, 89806:1, 44, 1884, [], [], 0.467
69:1, 56156:5, 44, 8, [], [], 0.467
69:1, 7635:1, 44, 18, [], [], 0.471
69:1, 10808:1, 44, 18, [], [], 0.471
69:1, 28618:1, 44, 18, [], [], 0.471
69:1, 36835:1, 44, 18, [], [], 0.471
69:1, 37176:1, 44, 18, [], [], 0.471
69:1, 38834:1, 44, 18, [], [], 0.471
69:1, 43739:1, 44, 18, [], [], 0.471
69:1, 58678:1, 44, 18, [], [], 0.471
69:1, 75872:1, 44, 18, [], [], 0.471
69:1, 78458:1, 44, 18, [], [], 0.471
69:1, 95938:1, 44, 18, [], [], 0.471
69:1, 89806:1, 44, 1820, [], [], 0.472
69:1, 83714:1, 44, 112, [], [], 0.472
69:1, 54489:2, 44, 3, [], [], 0.472
69:1, 23826:1, 44, 17, [], [], 0.472
69:1, 91804:0, 44, 921, [], [], 0.472
69:1, 29302:2, 45, 117, [], [], 0.151
69:1, 9968:1, 45, 25, [], [], 0.169
69:1, 26856:2, 45, 116, [], [], 0.177
69:1, 26142:1, 45, 10, [], [], 0.180
69:1, 87713:0, 45, 5, [], [], 0.181
69:1, 20974:0, 45, 1, [], [], 0.183
69:1, 4744:3, 45, 2, [], [], 0.185
69:1, 52629:3, 45, 7, [], [], 0.186
69:1, 37773:2, 45, 12, [], [], 0.187
69:1, 29132:1, 45, 85, [], [], 0.187
69:1, 10171:3, 45, 7, [], [], 0.188
69:1, 50689:1, 45, 13, [], [], 0.189
69:1, 10861:2, 45, 1, [], [], 0.190
69:1, 55541:1, 45, 0, [], [], 0.190
69:1, 100114:1, 45, 8, [], [], 0.190
69:1, 306:0, 45, 41, [], [], 0.190
69:1, 17209:1, 45, 5, [], [], 0.191
69:1, 66867:0, 45, 5, [], [], 0.192
69:1, 69579:1, 45, 11, [], [], 0.192
69:1, 14702:2, 45, 2, [], [], 0.193
69:1, 14641:3, 45, 4, [], [], 0.193
69:1, 11332:1, 45, 1, [], [], 0.193
69:1, 92870:1, 45, 2, [], [], 0.194
69:1, 36051:1, 45, 3, [], [], 0.194
69:1, 20661:1, 45, 3, [], [], 0.194
69:1, 22689:1, 45, 1, [], [], 0.194
69:1, 14617:1, 45, 89, [], [], 0.195
69:1, 28245:1, 45, 3, [], [], 0.195
69:1, 5287:0, 45, 6, [], [], 0.195
69:1, 8850:0, 45, 6, [], [], 0.195
69:1, 9963:0, 45, 6, [], [], 0.195
69:1, 34275:0, 45, 6, [], [], 0.195
69:1, 54516:0, 45, 6, [], [], 0.195
69:1, 82031:0, 45, 6, [], [], 0.195
69:1, 97186:0, 45, 6, [], [], 0.195
69:1, 16985:1, 45, 5, [], [], 0.196
69:1, 95039:4, 45, 20, [], [], 0.196
69:1, 56873:3, 45, 1, [], [], 0.196
69:1, 5287:0, 45, 5, [], [], 0.197
69:1, 8850:0, 45, 5, [], [], 0.197
69:1, 9963:0, 45, 5, [], [], 0.197
69:1, 34275:0, 45, 5, [], [], 0.197
69:1, 54516:0, 45, 5, [], [], 0.197
69:1, 82031:0, 45, 5, [], [], 0.197
69:1, 97186:0, 45, 5, [], [], 0.197
69:1, 24868:0, 45, 29, [], [], 0.197
69:1, 61919:4, 45, 2, [], [], 0.197
69:1, 23214:2, 45, 0, [], [], 0.197
69:1, 29132:1, 45, 62, [], [], 0.197
69:1, 34350:1, 45, 103, [], [], 0.198
69:1, 48882:0, 45, 18, [], [], 0.198
69:1, 36101:1, 45, 0, [], [], 0.198
69:1, 61092:1, 45, 1, [], [], 0.198
69:1, 29262:3, 45, 3, [], [], 0.198
69:1, 1582:6, 45, 18, [], [], 0.199
69:1, 1629:6, 45, 18, [], [], 0.199
69:1, 1931:6, 45, 18, [], [], 0.199
69:1, 2098:6, 45, 18, [], [], 0.199
69:1, 6812:6, 45, 18, [], [], 0.199
69:1, 16202:6, 45, 18, [], [], 0.199
69:1, 18401:6, 45, 18, [], [], 0.199
69:1, 19150:6, 45, 18, [], [], 0.199
69:1, 22398:6, 45, 18, [], [], 0.199
69:1, 22462:6, 45, 18, [], [], 0.199
69:1, 23174:6, 45, 18, [], [], 0.199
69:1, 24277:6, 45, 18, [], [], 0.199
69:1, 30105:6, 45, 18, [], [], 0.199
69:1, 31746:6, 45, 18, [], [], 0.199
69:1, 34693:6, 45, 18, [], [], 0.199
69:1, 37247:6, 45, 18, [], [], 0.199
69:1, 40162:6, 45, 18, [], [], 0.199
69:1, 41918:6, 45, 18, [], [], 0.199
69:1, 42663:6, 45, 18, [], [], 0.199
69:1, 42783:6, 45, 18, [], [], 0.199
69:1, 44278:6, 45, 18, [], [], 0.199
69:1, 47426:6, 45, 18, [], [], 0.199
69:1, 52109:6, 45, 18, [], [], 0.199
69:1, 52732:6, 45, 18, [], [], 0.199
69:1, 54653:6, 45, 18, [], [], 0.199
69:1, 55739:6, 45, 18, [], [], 0.199
69:1, 56115:6, 45, 18, [], [], 0.199
69:1, 58667:6, 45, 18, [], [], 0.199
69:1, 58687:6, 45, 18, [], [], 0.199
69:1, 59272:6, 45, 18, [], [], 0.199
69:1, 59724:6, 45, 18, [], [], 0.199
69:1, 60300:6, 45, 18, [], [], 0.199
69:1, 65845:6, 45, 18, [], [], 0.199
69:1, 65962:6, 45, 18, [], [], 0.199
69:1, 75213:6, 45, 18, [], [], 0.199
69:1, 77904:6, 45, 18, [], [], 0.199
69:1, 79497:6, 45, 18, [], [], 0.199
69:1, 79835:6, 45, 18, [], [], 0.199
69:1, 82014:6, 45, 18, [], [], 0.199
69:1, 82270:6, 45, 18, [], [], 0.199
69:1, 82517:6, 45, 18, [], [], 0.199
69:1, 93125:6, 45, 18, [], [], 0.199
69:1, 95977:6, 45, 18, [], [], 0.199
69:1, 96666:6, 45, 18, [], [], 0.199
69:1, 100084:6, 45, 18, [], [], 0.199
69:1, 74673:0, 45, 2, [], [], 0.200
69:1, 48592:2, 46, 11, [], [], 0.375
69:1, 67552:4, 46, 32, [], [], 0.378
69:1, 36806:1, 46, 3, [], [], 0.378
69:1, 46748:1, 46, 3, [], [], 0.378
69:1, 1394:0, 46, 6, [], [], 0.385
69:1, 29395:1, 46, 2, [], [], 0.388
69:1, 56555:1, 46, 6, [], [], 0.400
69:1, 56754:0, 46, 47, [], [], 0.400
69:1, 45519:0, 46, 2, [], [], 0.402
69:1, 74348:1, 46, 9, [], [], 0.404
69:1, 93758:3, 46, 44, [], [], 0.405
69:1, 67868:0, 46, 3, [], [], 0.406
69:1, 83443:0, 46, 18, [], [], 0.408
69:1, 42585:0, 46, 13, [], [], 0.408
69:1, 11054:3, 46, 43, [], [], 0.410
69:1, 78115:1, 46, 8, [], [], 0.414
69:1, 45519:0, 46, 5, [], [], 0.414
69:1, 226:1, 46, 2, [], [], 0.415
69:1, 19835:1, 46, 5, [], [], 0.415
69:1, 62071:0, 46, 61, [], [], 0.415
69:1, 29723:3, 46, 18, [], [], 0.415
69:1, 4319:2, 46, 40, [], [], 0.418
69:1, 68415:3, 46, 0, [], [], 0.418
69:1, 31152:2, 46, 12, [], [], 0.421
69:1, 51372:0, 46, 31, [], [], 0.421
69:1, 43186:0, 46, 8, [], [], 0.421
69:1, 1035:23, 46, 12, [], [], 0.421
69:1, 77329:23, 46, 22, [], [], 0.421
69:1, 17936:1, 46, 2, [], [], 0.422
69:1, 77377:3, 46, 18, [], [], 0.422
69:1, 38630:3, 46, 7, [], [], 0.422
69:1, 6442:1, 46, 0, [], [], 0.424
69:1, 60270:1, 46, 1, [], [], 0.424
69:1, 20230:0, 46, 1, [], [], 0.425
69:1, 10219:5, 46, 0, [], [], 0.426
69:1, 28383:2, 46, 164, [], [], 0.427
69:1, 54658:4, 46, 78, [], [], 0.427
69:1, 9021:3, 46, 23, [], [], 0.428
69:1, 35691:1, 46, 12, [], [], 0.428
69:1, 57908:1, 46, 2, [], [], 0.428
69:1, 25255:2, 46, 5, [], [], 0.428
69:1, 30506:1, 46, 0, [], [], 0.431
69:1, 77500:3, 46, 6, [], [], 0.432
69:1, 9402:0, 46, 3, [], [], 0.432
69:1, 25656:2, 46, 154, [], [], 0.433
69:1, 17956:3, 46, 5, [], [], 0.434
69:1, 92953:0, 46, 19, [], [], 0.434
69:1, 79440:5, 46, 11, [], [], 0.435
69:1, 75889:0, 46, 208, [], [], 0.435
69:1, 64085:2, 46, 54, [], [], 0.435
69:1, 6009:0, 46, 21, [], [], 0.436
69:1, 73822:0, 46, 23, [], [], 0.436
69:1, 19924:2, 46, 12, [], [], 0.436
69:1, 43501:2, 46, 55, [], [], 0.437
69:1, 98936:1, 46, 594, [], [], 0.438
69:1, 97480:1, 46, 6, [], [], 0.438
69:1, 84197:1, 46, 175, [], [], 0.438
69:1, 19566:4, 46, 0, [], [], 0.439
69:1, 67127:0, 46, 6, [], [], 0.440
69:1, 24839:2, 46, 45, [], [], 0.440
69:1, 95993:23, 46, 17, [], [], 0.441
69:1, 56246:0, 46, 2, [], [], 0.441
69:1, 1104:2, 46, 0, [], [], 0.441
69:1, 3965:1, 46, 47, [], [], 0.441
69:1, 6687:1, 46, 35, [], [], 0.441
69:1, 26606:4, 46, 32, [], [], 0.441
69:1, 35236:1, 46, 35, [], [], 0.441
69:1, 35574:1, 46, 35, [], [], 0.441
69:1, 36077:1, 46, 35, [], [], 0.441
69:1, 42372:1, 46, 38, [], [], 0.441
69:1, 46202:1, 46, 35, [], [], 0.441
69:1, 51984:3, 46, 5, [], [], 0.441
69:1, 57501:4, 46, 0, [], [], 0.441
69:1, 57501:7, 46, 1, [], [], 0.441
69:1, 57501:8, 46, 3, [], [], 0.441
69:1, 58608:2, 46, 13, [], [], 0.441
69:1, 58811:1, 46, 35, [], [], 0.441
69:1, 58853:1, 46, 38, [], [], 0.441
69:1, 60051:4, 46, 2, [], [], 0.441
69:1, 60864:1, 46, 22, [], [], 0.441
69:1, 61227:1, 46, 31, [], [], 0.441
69:1, 63423:1, 46, 1, [], [], 0.441
69:1, 63938:5, 46, 1, [], [], 0.441
69:1, 79564:10, 46, 2, [], [], 0.441
69:1, 94874:10, 46, 1, [], [], 0.441
69:1, 57673:1, 46, 12, [], [], 0.441
69:1, 54823:1, 46, 0, [], [], 0.441
69:1, 98098:2, 46, 0, [], [], 0.441
69:1, 46982:0, 46, 84, [], [], 0.443
69:1, 29712:1, 46, 6, [], [], 0.443
69:1, 33104:1, 46, 12, [], [], 0.443
69:1, 43066:23, 46, 21, [], [], 0.444
69:1, 81908:23, 46, 26, [], [], 0.444
69:1, 78480:0, 46, 5, [], [], 0.444
69:1, 40234:1, 46, 0, [], [], 0.444
69:1, 45519:0, 46, 6, [], [], 0.444
69:1, 56970:1, 46, 6, [], [], 0.444
69:1, 84954:3, 46, 231, [], [], 0.445
69:1, 75889:2, 46, 184, [], [], 0.445
69:1, 25380:0, 46, 11, [], [], 0.445
69:1, 91634:1, 47, 219, [], [], 0.399
69:1, 91634:1, 47, 270, [], [], 0.429
69:1, 92974:0, 47, 8, [], [], 0.453
69:1, 96146:0, 47, 31, [], [], 0.458
69:1, 34753:2, 47, 29, [], [], 0.479
69:1, 91634:1, 47, 24, [], [], 0.491
69:1, 58431:0, 47, 19, [], [], 0.493
69:1, 56512:6, 47, 1, [], [], 0.494
69:1, 79440:2, 47, 45, [], [], 0.501
69:1, 71784:1, 47, 200, [], [], 0.511
69:1, 91634:1, 47, 76, [], [], 0.511
69:1, 16646:6, 47, 1, [], [], 0.513
69:1, 36611:6, 47, 2, [], [], 0.513
69:1, 70737:6, 47, 2, [], [], 0.513
69:1, 53494:6, 47, 1, [], [], 0.516
69:1, 90363:6, 47, 2, [], [], 0.516
69:1, 18525:0, 47, 20, [], [], 0.518
69:1, 91634:1, 47, 206, [], [], 0.518
69:1, 89031:4, 47, 1, [], [], 0.521
69:1, 91634:1, 47, 319, [], [], 0.522
69:1, 29002:6, 47, 17, [], [], 0.535
69:1, 70205:6, 47, 15, [], [], 0.535
69:1, 34753:2, 47, 68, [], [], 0.538
69:1, 35962:0, 47, 1, [], [], 0.538
69:1, 91411:0, 47, 1, [], [], 0.538
69:1, 14948:6, 47, 4, [], [], 0.539
69:1, 63421:6, 47, 7, [], [], 0.539
69:1, 99457:0, 47, 16, [], [], 0.540
69:1, 49843:2, 47, 94, [], [], 0.542
69:1, 85530:1, 47, 52, [], [], 0.543
69:1, 96434:1, 47, 173, [], [], 0.543
69:1, 35379:0, 47, 1, [], [], 0.547
69:1, 73643:0, 47, 1, [], [], 0.547
69:1, 84848:0, 47, 1, [], [], 0.547
69:1, 88814:0, 47, 52, [], [], 0.548
69:1, 65115:3, 47, 14, [], [], 0.548
69:1, 62489:2, 47, 1334, [], [], 0.549
69:1, 70205:6, 47, 9, [], [], 0.549
69:1, 7018:0, 47, 8, [], [], 0.549
69:1, 91634:1, 47, 73, [], [], 0.551
69:1, 40639:0, 47, 4, [], [], 0.551
69:1, 6506:0, 47, 6, [], [], 0.552
69:1, 32081:1, 47, 0, [], [], 0.553
69:1, 90323:5, 47, 9, [], [], 0.553
69:1, 98598:6, 47, 5, [], [], 0.555
69:1, 7018:0, 47, 21, [], [], 0.555
69:1, 91634:1, 47, 205, [], [], 0.556
69:1, 91804:0, 47, 793, [], [], 0.556
69:1, 97630:0, 47, 718, [], [], 0.556
69:1, 7464:2, 47, 6, [], [], 0.558
69:1, 74101:2, 47, 6, [], [], 0.558
69:1, 56512:6, 47, 2, [], [], 0.558
69:1, 91634:1, 47, 124, [], [], 0.558
69:1, 41344:3, 47, 5, [], [], 0.559
69:1, 91634:1, 47, 43, [], [], 0.559
69:1, 96908:0, 47, 57, [], [], 0.560
69:1, 72741:0, 47, 4, [], [], 0.561
69:1, 41336:0, 47, 37, [], [], 0.562
69:1, 51450:9, 47, 7, [], [], 0.563
69:1, 17735:3, 47, 38, [], [], 0.563
69:1, 72710:4, 47, 1683, [], [], 0.565
69:1, 7394:6, 47, 0, [], [], 0.565
69:1, 83900:6, 47, 0, [], [], 0.565
69:1, 91242:6, 47, 0, [], [], 0.565
69:1, 42563:0, 47, 5, [], [], 0.566
69:1, 76680:0, 47, 2, [], [], 0.568
69:1, 67182:0, 47, 20, [], [], 0.568
69:1, 92779:1, 47, 6, [], [], 0.569
69:1, 23074:0, 47, 2, [], [], 0.570
69:1, 39171:0, 47, 7, [], [], 0.570
69:1, 39171:2, 47, 4, [], [], 0.570
69:1, 93758:3, 47, 40, [], [], 0.570
69:1, 14863:5, 47, 18, [], [], 0.571
69:1, 22948:2, 47, 25, [], [], 0.572
69:1, 6506:0, 47, 7, [], [], 0.572
69:1, 36604:1, 47, 98, [], [], 0.572
69:1, 64559:0, 47, 7, [], [], 0.572
69:1, 71119:2, 47, 3, [], [], 0.572
69:1, 31468:0, 47, 16, [], [], 0.572
69:1, 33507:0, 47, 12, [], [], 0.572
69:1, 63421:6, 47, 5, [], [], 0.572
69:1, 19657:2, 47, 8, [], [], 0.574
69:1, 69932:1, 47, 11, [], [], 0.574
69:1, 34753:2, 47, 55, [], [], 0.574
69:1, 90142:0, 47, 70, [], [], 0.575
69:1, 93758:2, 47, 16, [], [], 0.575
69:1, 30879:0, 47, 3, [], [], 0.576
69:1, 34985:0, 47, 3, [], [], 0.576
69:1, 40135:0, 47, 10, [], [], 0.576
69:1, 51095:0, 47, 4, [], [], 0.576
69:1, 98123:0, 47, 3, [], [], 0.576
69:1, 72923:0, 47, 74, [], [], 0.576
69:1, 91634:1, 47, 333, [], [], 0.577
69:1, 43949:1, 47, 32, [], [], 0.577
69:1, 29896:1, 47, 31, [], [], 0.578
69:1, 36282:0, 47, 7, [], [], 0.579
69:1, 91056:0, 47, 14, [], [], 0.579
69:1, 37761:2, 47, 0, [], [], 0.579
69:1, 79225:4, 47, 2, [], [], 0.579
69:1, 15066:6, 47, 0, [], [], 0.580
69:1, 3694:2, 48, 1, [], [], 0.804
69:1, 3824:2, 48, 1, [], [], 0.804
69:1, 4995:0, 48, 45, [], [], 0.804
69:1, 9920:3, 48, 1, [], [], 0.804
69:1, 10635:2, 48, 1, [], [], 0.804
69:1, 10755:2, 48, 1, [], [], 0.804
69:1, 22956:4, 48, 1, [], [], 0.804
69:1, 25778:2, 48, 0, [], [], 0.804
69:1, 39692:3, 48, 0, [], [], 0.804
69:1, 41133:2, 48, 1, [], [], 0.804
69:1, 49059:3, 48, 1, [], [], 0.804
69:1, 55732:4, 48, 1, [], [], 0.804
69:1, 57907:1, 48, 3, [], [], 0.804
69:1, 57907:2, 48, 2, [], [], 0.804
69:1, 57907:4, 48, 1, [], [], 0.804
69:1, 59757:2, 48, 0, [], [], 0.804
69:1, 62376:2, 48, 1, [], [], 0.804
69:1, 69497:3, 48, 1, [], [], 0.804
69:1, 72586:2, 48, 1, [], [], 0.804
69:1, 88487:3, 48, 1, [], [], 0.804
69:1, 88749:1, 48, 0, [], [], 0.804
69:1, 92974:0, 48, 14, [], [], 0.804
69:1, 98897:3, 48, 1, [], [], 0.804
69:1, 40251:1, 48, 18, [], [], 0.816
69:1, 94256:4, 48, 20, [], [], 0.876
69:1, 87329:11, 48, 56, [], [], 0.880
69:1, 23773:6, 48, 3, [], [], 0.898
69:1, 89875:1, 48, 4, [], [], 0.898
69:1, 7362:5, 48, 5, [], [], 0.945
69:1, 8196:2, 48, 3, [], [], 0.945
69:1, 31435:5, 48, 3, [], [], 0.945
69:1, 34448:2, 48, 0, [], [], 0.945
69:1, 37115:2, 48, 3, [], [], 0.945
69:1, 47316:3, 48, 1, [], [], 0.945
69:1, 47685:2, 48, 0, [], [], 0.945
69:1, 55772:3, 48, 1, [], [], 0.945
69:1, 55772:6, 48, 2, [], [], 0.945
69:1, 81300:5, 48, 70, [], [], 0.945
69:1, 81594:3, 48, 5, [], [], 0.945
69:1, 84812:3, 48, 1, [], [], 0.945
69:1, 85858:2, 48, 2, [], [], 0.945
69:1, 93386:4, 48, 0, [], [], 0.945
69:1, 97697:2, 48, 1, [], [], 0.945
69:1, 47964:5, 48, 56, [], [], 0.957
69:1, 70174:1, 48, 310, [], [], 0.957
69:1, 70174:2, 48, 343, [], [], 0.957
69:1, 70174:3, 48, 342, [], [], 0.957
69:1, 70174:4, 48, 322, [], [], 0.957
69:1, 70174:5, 48, 322, [], [], 0.957
69:1, 97627:5, 48, 52, [], [], 0.957
69:1, 99050:9, 48, 7, [], [], 0.957
69:1, 14651:3, 48, 5, [], [], 0.968
69:1, 95822:3, 48, 2, [], [], 0.968
69:1, 90833:2, 48, 194, [], [], 0.976
69:1, 52722:0, 48, 5, [], [], 0.980
69:1, 29160:3, 48, 16, [], [], 0.980
69:1, 15388:6, 48, 40, [], [], 0.983
69:1, 29868:4, 48, 0, [], [], 0.993
69:1, 93647:6, 48, 10, [], [], 0.993
69:1, 16400:4, 48, 2, [], [], 0.997
69:1, 47317:5, 48, 2, [], [], 0.997
69:1, 99071:5, 48, 2, [], [], 0.997
69:1, 29142:1, 48, 0, [], [], 1.006
69:1, 5747:3, 48, 24, [], [], 1.007
69:1, 29621:7, 48, 2, [], [], 1.007
69:1, 41748:4, 48, 6, [], [], 1.009
69:1, 43147:4, 48, 10, [], [], 1.009
69:1, 85866:4, 48, 8, [], [], 1.009
69:1, 91073:4, 48, 4, [], [], 1.009
69:1, 98238:4, 48, 8, [], [], 1.009
69:1, 77360:3, 48, 204, [], [], 1.010
69:1, 16933:1, 48, 2, [], [], 1.013
69:1, 11254:1, 48, 257, [], [], 1.015
69:1, 9769:2, 48, 35, [], [], 1.016
69:1, 31571:2, 48, 35, [], [], 1.016
69:1, 64497:2, 48, 0, [], [], 1.033
69:1, 40064:17, 48, 15, [], [], 1.042
69:1, 42724:8, 48, 1, [], [], 1.042
69:1, 55224:17, 48, 21, [], [], 1.042
69:1, 62928:5, 48, 308, [], [], 1.042
69:1, 70174:1, 48, 295, [], [], 1.042
69:1, 70174:2, 48, 323, [], [], 1.042
69:1, 70174:3, 48, 328, [], [], 1.042
69:1, 70174:4, 48, 308, [], [], 1.042
69:1, 70174:5, 48, 306, [], [], 1.042
69:1, 76508:5, 48, 105, [], [], 1.042
69:1, 80493:17, 48, 21, [], [], 1.042
69:1, 40649:4, 48, 29, [], [], 1.044
69:1, 23788:2, 48, 56, [], [], 1.048
69:1, 61119:2, 48, 3, [], [], 1.048
69:1, 62928:7, 48, 537, [], [], 1.053
69:1, 84830:3, 48, 7, [], [], 1.055
69:1, 44358:1, 48, 5, [], [], 1.058
69:1, 31763:2, 48, 1, [], [], 1.063
69:1, 38643:1, 48, 9, [], [], 1.063
69:1, 60226:1, 48, 19, [], [], 1.063
69:1, 27380:0, 48, 63, [], [], 1.064
69:1, 2562:1, 48, 3, [], [], 1.064
69:1, 2722:1, 48, 3, [], [], 1.064
69:1, 2755:1, 48, 3, [], [], 1.064
69:1, 69663:2, 49, 168, [], [], 0.328
69:1, 88688:7, 49, 15, [], [], 0.328
69:1, 44659:1, 49, 13, [], [], 0.392
69:1, 57993:0, 49, 18, [], [], 0.413
69:1, 44659:1, 49, 12, [], [], 0.414
69:1, 47794:0, 49, 18, [], [], 0.419
69:1, 9654:1, 49, 4, [], [], 0.421
69:1, 44659:1, 49, 7, [], [], 0.423
69:1, 49198:7, 49, 2, [], [], 0.429
69:1, 20335:1, 49, 7, [], [], 0.432
69:1, 13325:2, 49, 31, [], [], 0.435
69:1, 5053:8, 49, 22, [], [], 0.435
69:1, 5817:17, 49, 23, [], [], 0.435
69:1, 7882:5, 49, 123, [], [], 0.435
69:1, 30344:17, 49, 21, [], [], 0.435
69:1, 32511:5, 49, 25, [], [], 0.435
69:1, 62928:5, 49, 323, [], [], 0.435
69:1, 70174:1, 49, 323, [], [], 0.435
69:1, 70174:2, 49, 354, [], [], 0.435
69:1, 70174:3, 49, 353, [], [], 0.435
69:1, 79364:5, 49, 70, [], [], 0.435
69:1, 87083:17, 49, 20, [], [], 0.435
69:1, 44659:1, 49, 6, [], [], 0.436
69:1, 40620:0, 49, 11, [], [], 0.436
69:1, 33398:2, 49, 46, [], [], 0.437
69:1, 483:1, 49, 4, [], [], 0.442
69:1, 3316:0, 49, 4, [], [], 0.442
69:1, 37507:0, 49, 5, [], [], 0.442
69:1, 56511:0, 49, 6, [], [], 0.442
69:1, 99490:3, 49, 0, [], [], 0.443
69:1, 61802:1, 49, 7, [], [], 0.443
69:1, 84061:0, 49, 472, [], [], 0.444
69:1, 29847:0, 49, 13, [], [], 0.444
69:1, 72191:4, 49, 3, [], [], 0.445
69:1, 84061:0, 49, 456, [], [], 0.445
69:1, 80473:2, 49, 0, [], [], 0.447
69:1, 31152:1, 49, 29, [], [], 0.447
69:1, 62988:1, 49, 40, [], [], 0.451
69:1, 17425:2, 49, 404, [], [], 0.452
69:1, 38494:0, 49, 71, [], [], 0.454
69:1, 74825:0, 49, 1, [], [], 0.455
69:1, 74827:0, 49, 197, [], [], 0.456
69:1, 76649:0, 49, 36, [], [], 0.457
69:1, 79602:0, 49, 7, [], [], 0.458
69:1, 82127:3, 49, 3, [], [], 0.458
69:1, 35464:0, 49, 9, [], [], 0.458
69:1, 76247:0, 49, 9, [], [], 0.458
69:1, 87696:0, 49, 9, [], [], 0.458
69:1, 84061:0, 49, 440, [], [], 0.460
69:1, 81923:4, 49, 18, [], [], 0.464
69:1, 22616:0, 49, 6, [], [], 0.466
69:1, 44659:1, 49, 16, [], [], 0.467
69:1, 86885:4, 49, 445, [], [], 0.467
69:1, 68743:0, 49, 20, [], [], 0.467
69:1, 97124:0, 49, 8, [], [], 0.468
69:1, 84061:0, 49, 427, [], [], 0.468
69:1, 4959:1, 49, 2, [], [], 0.469
69:1, 84061:0, 49, 433, [], [], 0.470
69:1, 84278:2, 49, 23, [], [], 0.472
69:1, 84061:0, 49, 451, [], [], 0.472
69:1, 18932:4, 49, 69, [], [], 0.472
69:1, 25548:4, 49, 42, [], [], 0.473
69:1, 84240:4, 49, 42, [], [], 0.473
69:1, 6530:0, 49, 2, [], [], 0.473
69:1, 86191:4, 49, 24, [], [], 0.474
69:1, 52504:0, 49, 2, [], [], 0.474
69:1, 58597:0, 49, 0, [], [], 0.474
69:1, 75629:0, 49, 223, [], [], 0.475
69:1, 11226:0, 49, 17, [], [], 0.476
69:1, 50173:0, 49, 151, [], [], 0.476
69:1, 24341:4, 49, 58, [], [], 0.477
69:1, 91481:3, 49, 67, [], [], 0.477
69:1, 3946:1, 49, 6, [], [], 0.477
69:1, 40744:4, 49, 13, [], [], 0.478
69:1, 96375:1, 49, 70, [], [], 0.478
69:1, 39044:1, 49, 14, [], [], 0.479
69:1, 58274:1, 49, 20, [], [], 0.479
69:1, 44659:1, 49, 3, [], [], 0.479
69:1, 23307:0, 49, 4, [], [], 0.480
69:1, 25622:0, 49, 4, [], [], 0.480
69:1, 76136:0, 49, 3, [], [], 0.480
69:1, 3734:4, 49, 104, [], [], 0.480
69:1, 25548:4, 49, 7, [], [], 0.481
69:1, 84240:4, 49, 7, [], [], 0.481
69:1, 84747:1, 49, 9, [], [], 0.482
69:1, 84747:1, 49, 8, [], [], 0.482
69:1, 6137:0, 49, 29, [], [], 0.482
69:1, 47790:2, 49, 3, [], [], 0.482
69:1, 54707:2, 49, 3, [], [], 0.482
69:1, 76646:2, 49, 7, [], [], 0.482
69:1, 92338:2, 49, 3, [], [], 0.482
69:1, 97568:3, 49, 2, [], [], 0.483
69:1, 82779:2, 49, 127, [], [], 0.483
69:1, 19942:2, 49, 2, [], [], 0.483
69:1, 73644:2, 49, 1, [], [], 0.483
69:1, 92071:1, 49, 55, [], [], 0.484
69:1, 7048:4, 49, 0, [], [], 0.484
69:1, 9814:4, 49, 0, [], [], 0.484
69:1, 16180:4, 49, 0, [], [], 0.484
69:1, 20203:4, 49, 0, [], [], 0.484
69:1, 59802:2, 50, 928, [], [], 0.529
69:1, 6154:0, 50, 5, [], [], 0.532
69:1, 37112:1, 50, 13, [], [], 0.583
69:1, 33398:0, 50, 143, [], [], 0.587
69:1, 74686:4, 50, 18, [], [], 0.599
69:1, 47125:2, 50, 60, [], [], 0.602
69:1, 71784:1, 50, 536, [], [], 0.610
69:1, 53083:1, 50, 0, [], [], 0.614
69:1, 13097:0, 50, 23, [], [], 0.615
69:1, 73438:3, 50, 5, [], [], 0.619
69:1, 82079:2, 50, 7, [], [], 0.620
69:1, 62894:2, 50, 24, [], [], 0.625
69:1, 66022:2, 50, 56, [], [], 0.626
69:1, 20852:0, 50, 2, [], [], 0.627
69:1, 30238:1, 50, 14, [], [], 0.631
69:1, 69487:1, 50, 1, [], [], 0.631
69:1, 4983:0, 50, 8, [], [], 0.631
69:1, 67327:0, 50, 0, [], [], 0.631
69:1, 89553:0, 50, 0, [], [], 0.631
69:1, 55379:0, 50, 3, [], [], 0.631
69:1, 81923:0, 50, 203, [], [], 0.634
69:1, 92293:0, 50, 130, [], [], 0.634
69:1, 42428:0, 50, 7, [], [], 0.635
69:1, 41304:2, 50, 105, [], [], 0.635
69:1, 45199:2, 50, 105, [], [], 0.635
69:1, 87160:0, 50, 1865, [], [], 0.636
69:1, 65230:0, 50, 362, [], [], 0.636
69:1, 155:3, 50, 8, [], [], 0.637
69:1, 79545:1, 50, 2, [], [], 0.639
69:1, 83081:1, 50, 5, [], [], 0.639
69:1, 65145:4, 50, 0, [], [], 0.640
69:1, 47705:4, 50, 597, [], [], 0.641
69:1, 56896:5, 50, 8, [], [], 0.643
69:1, 90266:0, 50, 43, [], [], 0.643
69:1, 2455:1, 50, 0, [], [], 0.644
69:1, 98838:1, 50, 1, [], [], 0.644
69:1, 20380:2, 50, 2, [], [], 0.645
69:1, 70283:2, 50, 2, [], [], 0.645
69:1, 15514:0, 50, 1, [], [], 0.646
69:1, 72311:0, 50, 2, [], [], 0.647
69:1, 19665:7, 50, 82, [], [], 0.647
69:1, 62928:8, 50, 362, [], [], 0.647
69:1, 47754:0, 50, 5, [], [], 0.647
69:1, 10035:0, 50, 10, [], [], 0.648
69:1, 87160:0, 50, 1396, [], [], 0.648
69:1, 87614:3, 50, 78, [], [], 0.649
69:1, 5964:2, 50, 98, [], [], 0.649
69:1, 15392:2, 50, 97, [], [], 0.649
69:1, 31740:2, 50, 97, [], [], 0.649
69:1, 34339:2, 50, 97, [], [], 0.649
69:1, 56478:2, 50, 97, [], [], 0.649
69:1, 62083:2, 50, 97, [], [], 0.649
69:1, 65920:2, 50, 98, [], [], 0.649
69:1, 69838:2, 50, 97, [], [], 0.649
69:1, 20285:0, 50, 31, [], [], 0.649
69:1, 56305:0, 50, 1, [], [], 0.651
69:1, 67127:0, 50, 31, [], [], 0.652
69:1, 23335:0, 50, 7, [], [], 0.652
69:1, 65145:4, 50, 16, [], [], 0.653
69:1, 46503:0, 50, 20, [], [], 0.653
69:1, 6783:3, 50, 9, [], [], 0.654
69:1, 62928:9, 50, 552, [], [], 0.654
69:1, 23970:2, 50, 87, [], [], 0.654
69:1, 58749:0, 50, 1, [], [], 0.655
69:1, 99219:0, 50, 30, [], [], 0.656
69:1, 68199:3, 50, 16, [], [], 0.656
69:1, 66404:5, 50, 20, [], [], 0.656
69:1, 4616:3, 50, 19, [], [], 0.657
69:1, 88814:0, 50, 1023, [], [], 0.657
69:1, 8296:3, 50, 2, [], [], 0.657
69:1, 76907:1, 50, 30, [], [], 0.658
69:1, 88582:1, 50, 29, [], [], 0.658
69:1, 32816:1, 50, 6, [], [], 0.659
69:1, 67985:1, 50, 5, [], [], 0.659
69:1, 2874:3, 50, 52, [], [], 0.660
69:1, 4456:3, 50, 33, [], [], 0.660
69:1, 5195:3, 50, 35, [], [], 0.660
69:1, 7434:3, 50, 49, [], [], 0.660
69:1, 18085:3, 50, 7, [], [], 0.660
69:1, 18873:3, 50, 59, [], [], 0.660
69:1, 20003:3, 50, 24, [], [], 0.660
69:1, 23288:3, 50, 55, [], [], 0.660
69:1, 26349:3, 50, 21, [], [], 0.660
69:1, 28162:3, 50, 43, [], [], 0.660
69:1, 35241:3, 50, 55, [], [], 0.660
69:1, 62640:3, 50, 13, [], [], 0.660
69:1, 67090:3, 50, 3, [], [], 0.660
69:1, 69657:3, 50, 42, [], [], 0.660
69:1, 69860:3, 50, 15, [], [], 0.660
69:1, 72278:3, 50, 45, [], [], 0.660
69:1, 72622:3, 50, 57, [], [], 0.660
69:1, 73455:3, 50, 53, [], [], 0.660
69:1, 73636:3, 50, 46, [], [], 0.660
69:1, 83405:3, 50, 13, [], [], 0.660
69:1, 91298:3, 50, 29, [], [], 0.660
69:1, 92454:3, 50, 10, [], [], 0.660
69:1, 98997:3, 50, 33, [], [], 0.660
69:1, 52614:0, 50, 6, [], [], 0.661
69:1, 12264:2, 50, 14, [], [], 0.661
69:1, 73013:3, 50, 80, [], [], 0.662
69:1, 56984:0, 51, 3, [], [], 0.757
69:1, 57157:2, 51, 1, [], [], 0.768
69:1, 23877:1, 51, 23, [], [], 0.794
69:1, 73207:1, 51, 1, [], [], 0.794
69:1, 44935:0, 51, 117, [], [], 0.836
69:1, 48224:0, 51, 156, [], [], 0.839
69:1, 83638:0, 51, 156, [], [], 0.839
69:1, 52906:0, 51, 18, [], [], 0.863
69:1, 48224:0, 51, 153, [], [], 0.864
69:1, 83638:0, 51, 153, [], [], 0.864
69:1, 12011:0, 51, 1, [], [], 0.873
69:1, 14044:11, 51, 17, [], [], 0.873
69:1, 14060:10, 51, 11, [], [], 0.873
69:1, 36039:7, 51, 1, [], [], 0.873
69:1, 36039:8, 51, 1, [], [], 0.873
69:1, 42822:2, 51, 23, [], [], 0.873
69:1, 45486:1, 51, 15, [], [], 0.873
69:1, 45486:2, 51, 23, [], [], 0.873
69:1, 47640:4, 51, 12, [], [], 0.873
69:1, 52289:7, 51, 1, [], [], 0.873
69:1, 75857:4, 51, 139, [], [], 0.873
69:1, 81300:6, 51, 55, [], [], 0.873
69:1, 88582:10, 51, 71, [], [], 0.873
69:1, 99661:2, 51, 9, [], [], 0.873
69:1, 5161:2, 51, 13, [], [], 0.876
69:1, 9969:2, 51, 5, [], [], 0.876
69:1, 19016:2, 51, 2, [], [], 0.876
69:1, 21762:2, 51, 8, [], [], 0.876
69:1, 27969:2, 51, 5, [], [], 0.876
69:1, 36148:2, 51, 15, [], [], 0.876
69:1, 41200:2, 51, 32, [], [], 0.876
69:1, 53043:2, 51, 11, [], [], 0.876
69:1, 91189:2, 51, 11, [], [], 0.876
69:1, 96111:2, 51, 18, [], [], 0.876
69:1, 99544:2, 51, 18, [], [], 0.876
69:1, 48224:0, 51, 150, [], [], 0.889
69:1, 83638:0, 51, 150, [], [], 0.889
69:1, 30529:1, 51, 1, [], [], 0.907
69:1, 57679:1, 51, 0, [], [], 0.907
69:1, 87614:3, 51, 8, [], [], 0.907
69:1, 30660:4, 51, 37, [], [], 0.909
69:1, 62928:9, 51, 324, [], [], 0.909
69:1, 72714:3, 51, 17, [], [], 0.909
69:1, 51507:0, 51, 124, [], [], 0.914
69:1, 776:0, 51, 51, [], [], 0.931
69:1, 8687:13, 51, 4, [], [], 0.931
69:1, 28921:19, 51, 381, [], [], 0.931
69:1, 38612:9, 51, 6, [], [], 0.931
69:1, 43518:9, 51, 9, [], [], 0.931
69:1, 54475:4, 51, 56, [], [], 0.931
69:1, 58077:11, 51, 7, [], [], 0.931
69:1, 59731:24, 51, 14, [], [], 0.931
69:1, 60463:0, 51, 51, [], [], 0.931
69:1, 62651:23, 51, 6, [], [], 0.931
69:1, 63561:1, 51, 90, [], [], 0.931
69:1, 64396:5, 51, 4, [], [], 0.931
69:1, 80102:9, 51, 0, [], [], 0.931
69:1, 83723:6, 51, 58, [], [], 0.931
69:1, 85104:13, 51, 13, [], [], 0.931
69:1, 5053:8, 51, 25, [], [], 0.933
69:1, 12174:6, 51, 1, [], [], 0.933
69:1, 44528:6, 51, 2, [], [], 0.933
69:1, 76508:5, 51, 117, [], [], 0.933
69:1, 54795:6, 51, 7, [], [], 0.935
69:1, 5053:8, 51, 24, [], [], 0.937
69:1, 32511:5, 51, 26, [], [], 0.937
69:1, 40154:9, 51, 17, [], [], 0.937
69:1, 61055:3, 51, 16, [], [], 0.937
69:1, 70174:1, 51, 325, [], [], 0.937
69:1, 70174:3, 51, 356, [], [], 0.937
69:1, 70174:5, 51, 337, [], [], 0.937
69:1, 71247:6, 51, 4, [], [], 0.937
69:1, 60008:1, 51, 5, [], [], 0.940
69:1, 18919:0, 51, 7, [], [], 0.942
69:1, 52383:1, 51, 185, [], [], 0.944
69:1, 39779:0, 51, 77, [], [], 0.946
69:1, 26145:0, 51, 4, [], [], 0.947
69:1, 16166:2, 51, 2, [], [], 0.951
69:1, 27888:2, 51, 3, [], [], 0.951
69:1, 39597:2, 51, 2, [], [], 0.951
69:1, 87635:1, 51, 4, [], [], 0.951
69:1, 21840:2, 51, 0, [], [], 0.952
69:1, 22679:1, 51, 4, [], [], 0.952
69:1, 39761:5, 51, 53, [], [], 0.952
69:1, 64226:4, 51, 9, [], [], 0.952
69:1, 69731:2, 51, 0, [], [], 0.952
69:1, 12479:2, 51, 8, [], [], 0.963
69:1, 7882:9, 51, 206, [], [], 0.963
69:1, 16591:5, 51, 186, [], [], 0.965
69:1, 99437:3, 51, 1, [], [], 0.977
69:1, 21181:8, 51, 3, [], [], 0.980
69:1, 23354:8, 51, 3, [], [], 0.980
69:1, 6009:3, 51, 19, [], [], 0.981
69:1, 47705:7, 51, 168, [], [], 0.981
69:1, 57985:4, 51, 6, [], [], 0.981
69:1, 71515:2, 51, 4, [], [], 0.982
69:1, 74232:3, 51, 8, [], [], 0.982
69:1, 10856:0, 51, 1, [], [], 0.987
69:1, 36921:1, 51, 10, [], [], 0.990
69:1, 50390:1, 51, 4, [], [], 0.990
69:1, 94922:1, 52, 13, [], [], 0.562
69:1, 61247:3, 52, 2, [], [], 0.595
69:1, 45792:4, 52, 5, [], [], 0.609
69:1, 55568:0, 52, 11, [], [], 0.616
69:1, 2386:1, 52, 9, [], [], 0.626
69:1, 8827:1, 52, 9, [], [], 0.626
69:1, 11919:1, 52, 9, [], [], 0.626
69:1, 13707:1, 52, 9, [], [], 0.626
69:1, 14025:1, 52, 9, [], [], 0.626
69:1, 46549:1, 52, 9, [], [], 0.626
69:1, 51867:1, 52, 9, [], [], 0.626
69:1, 78575:1, 52, 9, [], [], 0.626
69:1, 57872:0, 52, 14, [], [], 0.627
69:1, 61704:0, 52, 9, [], [], 0.635
69:1, 76056:0, 52, 247, [], [], 0.657
69:1, 75864:5, 52, 710, [], [], 0.658
69:1, 73125:0, 52, 2, [], [], 0.659
69:1, 72345:0, 52, 0, [], [], 0.660
69:1, 73481:0, 52, 27, [], [], 0.660
69:1, 26033:0, 52, 3, [], [], 0.661
69:1, 9261:0, 52, 3, [], [], 0.664
69:1, 16622:0, 52, 146, [], [], 0.667
69:1, 16622:0, 52, 112, [], [], 0.672
69:1, 72345:0, 52, 4, [], [], 0.673
69:1, 44346:0, 52, 13, [], [], 0.674
69:1, 86166:5, 52, 3, [], [], 0.674
69:1, 13738:6, 52, 51, [], [], 0.676
69:1, 88107:1, 52, 8, [], [], 0.682
69:1, 69492:0, 52, 9, [], [], 0.683
69:1, 94685:0, 52, 5, [], [], 0.683
69:1, 72705:0, 52, 6, [], [], 0.683
69:1, 58314:3, 52, 1, [], [], 0.684
69:1, 53277:0, 52, 11, [], [], 0.684
69:1, 23837:0, 52, 2, [], [], 0.684
69:1, 2909:1, 52, 2, [], [], 0.684
69:1, 22171:0, 52, 3, [], [], 0.689
69:1, 1124:2, 52, 21, [], [], 0.689
69:1, 12878:0, 52, 5, [], [], 0.692
69:1, 86805:0, 52, 20, [], [], 0.694
69:1, 4363:3, 52, 409, [], [], 0.694
69:1, 72345:0, 52, 14, [], [], 0.694
69:1, 18060:3, 52, 579, [], [], 0.695
69:1, 94216:1, 52, 11, [], [], 0.696
69:1, 67118:0, 52, 2, [], [], 0.696
69:1, 54015:18, 52, 283, [], [], 0.697
69:1, 94685:0, 52, 4, [], [], 0.697
69:1, 67171:2, 52, 3, [], [], 0.697
69:1, 88228:1, 52, 13, [], [], 0.697
69:1, 93076:0, 52, 12, [], [], 0.697
69:1, 51232:9, 52, 0, [], [], 0.699
69:1, 79595:7, 52, 4, [], [], 0.699
69:1, 2156:3, 52, 3, [], [], 0.699
69:1, 44346:0, 52, 19, [], [], 0.701
69:1, 64560:7, 52, 13, [], [], 0.701
69:1, 99039:1, 52, 23, [], [], 0.701
69:1, 88107:1, 52, 31, [], [], 0.702
69:1, 80417:0, 52, 47, [], [], 0.703
69:1, 14303:0, 52, 98, [], [], 0.703
69:1, 72345:0, 52, 9, [], [], 0.703
69:1, 39377:1, 52, 77, [], [], 0.703
69:1, 46191:0, 52, 2, [], [], 0.705
69:1, 2336:0, 52, 54, [], [], 0.706
69:1, 3498:0, 52, 54, [], [], 0.706
69:1, 3899:0, 52, 54, [], [], 0.706
69:1, 5092:0, 52, 54, [], [], 0.706
69:1, 5626:0, 52, 54, [], [], 0.706
69:1, 5663:0, 52, 54, [], [], 0.706
69:1, 7135:0, 52, 54, [], [], 0.706
69:1, 7430:0, 52, 54, [], [], 0.706
69:1, 7600:0, 52, 54, [], [], 0.706
69:1, 7957:0, 52, 54, [], [], 0.706
69:1, 8354:0, 52, 54, [], [], 0.706
69:1, 8883:0, 52, 54, [], [], 0.706
69:1, 8730:0, 52, 54, [], [], 0.706
69:1, 8869:0, 52, 54, [], [], 0.706
69:1, 9364:0, 52, 54, [], [], 0.706
69:1, 10276:0, 52, 54, [], [], 0.706
69:1, 10747:0, 52, 54, [], [], 0.706
69:1, 11034:0, 52, 54, [], [], 0.706
69:1, 11093:0, 52, 54, [], [], 0.706
69:1, 11408:0, 52, 51, [], [], 0.706
69:1, 11663:0, 52, 54, [], [], 0.706
69:1, 12421:0, 52, 54, [], [], 0.706
69:1, 12465:0, 52, 54, [], [], 0.706
69:1, 13964:0, 52, 54, [], [], 0.706
69:1, 14704:0, 52, 54, [], [], 0.706
69:1, 15227:0, 52, 54, [], [], 0.706
69:1, 15873:0, 52, 54, [], [], 0.706
69:1, 16095:0, 52, 54, [], [], 0.706
69:1, 16272:0, 52, 54, [], [], 0.706
69:1, 16621:0, 52, 54, [], [], 0.706
69:1, 17435:0, 52, 54, [], [], 0.706
69:1, 17715:0, 52, 54, [], [], 0.706
69:1, 17946:0, 52, 54, [], [], 0.706
69:1, 17888:0, 52, 54, [], [], 0.706
69:1, 19047:0, 52, 54, [], [], 0.706
69:1, 19207:0, 52, 54, [], [], 0.706
69:1, 19352:0, 52, 54, [], [], 0.706
69:1, 20064:0, 52, 54, [], [], 0.706
69:1, 20288:0, 52, 54, [], [], 0.706
69:1, 5356:1, 53, 6, [], [], 0.525
69:1, 5356:3, 53, 6, [], [], 0.525
69:1, 12655:4, 53, 41, [], [], 0.525
69:1, 23248:3, 53, 20, [], [], 0.525
69:1, 24993:1, 53, 4, [], [], 0.525
69:1, 45801:4, 53, 45, [], [], 0.525
69:1, 74444:3, 53, 348, [], [], 0.525
69:1, 74444:4, 53, 222, [], [], 0.525
69:1, 85040:4, 53, 12, [], [], 0.525
69:1, 89778:4, 53, 90, [], [], 0.525
69:1, 90990:3, 53, 4, [], [], 0.525
69:1, 91346:2, 53, 72, [], [], 0.525
69:1, 75045:2, 53, 10, [], [], 0.537
69:1, 87974:1, 53, 76, [], [], 0.537
69:1, 47705:2, 53, 527, [], [], 0.539
69:1, 70092:3, 53, 26, [], [], 0.541
69:1, 98024:0, 53, 1400, [], [], 0.543
69:1, 11929:19, 53, 5, [], [], 0.551
69:1, 78677:3, 53, 5, [], [], 0.551
69:1, 88294:2, 53, 83, [], [], 0.553
69:1, 18161:0, 53, 2, [], [], 0.558
69:1, 47705:2, 53, 756, [], [], 0.560
69:1, 18099:1, 53, 34, [], [], 0.561
69:1, 91346:2, 53, 34, [], [], 0.561
69:1, 33363:2, 53, 11, [], [], 0.561
69:1, 80292:2, 53, 11, [], [], 0.561
69:1, 80817:2, 53, 11, [], [], 0.561
69:1, 18190:2, 53, 114, [], [], 0.563
69:1, 29098:2, 53, 114, [], [], 0.563
69:1, 75697:1, 53, 8, [], [], 0.565
69:1, 88515:2, 53, 163, [], [], 0.567
69:1, 8980:5, 53, 5, [], [], 0.568
69:1, 81242:2, 53, 46, [], [], 0.568
69:1, 73982:2, 53, 104, [], [], 0.572
69:1, 3343:3, 53, 243, [], [], 0.575
69:1, 3343:3, 53, 199, [], [], 0.577
69:1, 19743:5, 53, 3, [], [], 0.577
69:1, 47705:2, 53, 811, [], [], 0.579
69:1, 96422:2, 53, 127, [], [], 0.579
69:1, 3405:1, 53, 9, [], [], 0.581
69:1, 56944:0, 53, 9, [], [], 0.582
69:1, 47705:2, 53, 637, [], [], 0.584
69:1, 3343:3, 53, 284, [], [], 0.584
69:1, 37183:4, 53, 14, [], [], 0.584
69:1, 44261:6, 53, 15, [], [], 0.584
69:1, 53926:2, 53, 9, [], [], 0.584
69:1, 58461:3, 53, 11, [], [], 0.584
69:1, 66376:7, 53, 2, [], [], 0.584
69:1, 33957:6, 53, 33, [], [], 0.589
69:1, 18190:2, 53, 111, [], [], 0.590
69:1, 29098:2, 53, 111, [], [], 0.590
69:1, 32097:2, 53, 0, [], [], 0.591
69:1, 16598:2, 53, 60, [], [], 0.591
69:1, 68888:2, 53, 60, [], [], 0.591
69:1, 70892:0, 53, 114, [], [], 0.592
69:1, 26706:0, 53, 0, [], [], 0.593
69:1, 86915:1, 53, 3, [], [], 0.594
69:1, 51128:6, 53, 65, [], [], 0.594
69:1, 94768:4, 53, 259, [], [], 0.594
69:1, 81355:4, 53, 6, [], [], 0.595
69:1, 62673:3, 53, 0, [], [], 0.596
69:1, 91346:2, 53, 6, [], [], 0.596
69:1, 45564:1, 53, 6, [], [], 0.601
69:1, 53477:0, 53, 43, [], [], 0.601
69:1, 65533:7, 53, 481, [], [], 0.601
69:1, 8920:15, 53, 2, [], [], 0.603
69:1, 14693:15, 53, 2, [], [], 0.603
69:1, 15510:15, 53, 5, [], [], 0.603
69:1, 17647:15, 53, 3, [], [], 0.603
69:1, 32648:15, 53, 1, [], [], 0.603
69:1, 34035:15, 53, 3, [], [], 0.603
69:1, 37346:15, 53, 1, [], [], 0.603
69:1, 48651:15, 53, 0, [], [], 0.603
69:1, 54406:15, 53, 4, [], [], 0.603
69:1, 61553:15, 53, 1, [], [], 0.603
69:1, 62260:15, 53, 2, [], [], 0.603
69:1, 72626:15, 53, 3, [], [], 0.603
69:1, 78187:15, 53, 1, [], [], 0.603
69:1, 79704:15, 53, 1, [], [], 0.603
69:1, 82823:15, 53, 1, [], [], 0.603
69:1, 85734:15, 53, 6, [], [], 0.603
69:1, 87147:15, 53, 12, [], [], 0.603
69:1, 89243:15, 53, 8, [], [], 0.603
69:1, 90335:15, 53, 3, [], [], 0.603
69:1, 96817:15, 53, 0, [], [], 0.603
69:1, 97358:15, 53, 4, [], [], 0.603
69:1, 98787:15, 53, 1, [], [], 0.603
69:1, 99745:15, 53, 6, [], [], 0.603
69:1, 58786:1, 53, 12, [], [], 0.604
69:1, 18190:2, 53, 37, [], [], 0.604
69:1, 26158:1, 53, 1, [], [], 0.604
69:1, 29098:2, 53, 37, [], [], 0.604
69:1, 88359:1, 53, 1, [], [], 0.604
69:1, 581:15, 53, 5, [], [], 0.607
69:1, 29390:15, 53, 3, [], [], 0.607
69:1, 34035:15, 53, 8, [], [], 0.607
69:1, 37882:15, 53, 1, [], [], 0.607
69:1, 44282:15, 53, 1, [], [], 0.607
69:1, 46672:15, 53, 4, [], [], 0.607
69:1, 48641:15, 53, 9, [], [], 0.607
69:1, 40396:4, 54, 101, [], [], 0.339
69:1, 25708:2, 54, 174, [], [], 0.344
69:1, 40396:4, 54, 100, [], [], 0.348
69:1, 24180:1, 54, 17, [], [], 0.355
69:1, 40396:4, 54, 92, [], [], 0.359
69:1, 40396:4, 54, 99, [], [], 0.368
69:1, 40396:4, 54, 102, [], [], 0.378
69:1, 40396:4, 54, 104, [], [], 0.382
69:1, 54963:1, 54, 15, [], [], 0.388
69:1, 40396:4, 54, 93, [], [], 0.388
69:1, 40396:0, 54, 257, [], [], 0.390
69:1, 83177:2, 54, 0, [], [], 0.390
69:1, 53421:1, 54, 8, [], [], 0.394
69:1, 97398:1, 54, 5, [], [], 0.396
69:1, 25548:2, 54, 206, [], [], 0.398
69:1, 84240:2, 54, 206, [], [], 0.398
69:1, 40396:4, 54, 98, [], [], 0.399
69:1, 21014:2, 54, 8, [], [], 0.402
69:1, 40396:0, 54, 787, [], [], 0.403
69:1, 34745:2, 54, 56, [], [], 0.405
69:1, 91229:6, 54, 1, [], [], 0.409
69:1, 33853:1, 54, 137, [], [], 0.409
69:1, 67011:2, 54, 72, [], [], 0.410
69:1, 32974:0, 54, 41, [], [], 0.410
69:1, 67566:0, 54, 41, [], [], 0.410
69:1, 40396:4, 54, 94, [], [], 0.410
69:1, 7704:1, 54, 2, [], [], 0.410
69:1, 10881:1, 54, 9, [], [], 0.412
69:1, 8374:2, 54, 3, [], [], 0.412
69:1, 13933:2, 54, 22, [], [], 0.412
69:1, 23462:1, 54, 7, [], [], 0.412
69:1, 27755:1, 54, 11, [], [], 0.412
69:1, 47156:1, 54, 4, [], [], 0.412
69:1, 49142:1, 54, 2, [], [], 0.412
69:1, 51089:2, 54, 16, [], [], 0.412
69:1, 55674:1, 54, 6, [], [], 0.412
69:1, 59386:1, 54, 26, [], [], 0.412
69:1, 65224:2, 54, 15, [], [], 0.412
69:1, 67946:1, 54, 24, [], [], 0.412
69:1, 81491:1, 54, 1, [], [], 0.412
69:1, 82334:1, 54, 13, [], [], 0.412
69:1, 95083:2, 54, 12, [], [], 0.412
69:1, 97719:1, 54, 4, [], [], 0.412
69:1, 54180:0, 54, 5, [], [], 0.413
69:1, 63714:4, 54, 376, [], [], 0.413
69:1, 66964:0, 54, 13, [], [], 0.414
69:1, 18898:0, 54, 3, [], [], 0.415
69:1, 40396:4, 54, 95, [], [], 0.415
69:1, 89729:0, 54, 5, [], [], 0.416
69:1, 81212:0, 54, 3, [], [], 0.417
69:1, 43623:0, 54, 10, [], [], 0.417
69:1, 91778:1, 54, 52, [], [], 0.419
69:1, 56231:1, 54, 262, [], [], 0.419
69:1, 60559:2, 54, 2, [], [], 0.420
69:1, 25342:1, 54, 7, [], [], 0.420
69:1, 35778:0, 54, 2, [], [], 0.420
69:1, 76044:4, 54, 711, [], [], 0.420
69:1, 62489:4, 54, 0, [], [], 0.420
69:1, 40396:4, 54, 103, [], [], 0.421
69:1, 9172:1, 54, 0, [], [], 0.422
69:1, 40396:4, 54, 96, [], [], 0.422
69:1, 92745:1, 54, 41, [], [], 0.422
69:1, 98936:1, 54, 439, [], [], 0.423
69:1, 85712:2, 54, 94, [], [], 0.424
69:1, 60278:0, 54, 157, [], [], 0.425
69:1, 66878:4, 54, 4, [], [], 0.426
69:1, 76868:2, 54, 8, [], [], 0.426
69:1, 51371:2, 54, 26, [], [], 0.426
69:1, 93591:0, 54, 44, [], [], 0.427
69:1, 67011:2, 54, 225, [], [], 0.427
69:1, 85018:2, 54, 10, [], [], 0.427
69:1, 48768:0, 54, 5, [], [], 0.428
69:1, 25708:2, 54, 106, [], [], 0.428
69:1, 9610:3, 54, 12, [], [], 0.428
69:1, 3297:2, 54, 11, [], [], 0.429
69:1, 31423:3, 54, 222, [], [], 0.429
69:1, 89922:2, 54, 0, [], [], 0.430
69:1, 73909:1, 54, 2, [], [], 0.430
69:1, 16713:0, 54, 58, [], [], 0.430
69:1, 63446:1, 54, 8, [], [], 0.430
69:1, 52175:4, 54, 41, [], [], 0.430
69:1, 31337:1, 54, 101, [], [], 0.430
69:1, 24180:1, 54, 19, [], [], 0.431
69:1, 72981:1, 54, 89, [], [], 0.431
69:1, 65763:4, 54, 317, [], [], 0.431
69:1, 57174:2, 54, 0, [], [], 0.432
69:1, 21957:2, 54, 1, [], [], 0.433
69:1, 36007:7, 54, 73, [], [], 0.433
69:1, 79170:1, 54, 3, [], [], 0.433
69:1, 52966:1, 54, 10, [], [], 0.433
69:1, 25708:2, 54, 200, [], [], 0.433
69:1, 21615:1, 54, 8, [], [], 0.433
69:1, 24180:1, 54, 25, [], [], 0.433
69:1, 30129:0, 54, 143, [], [], 0.434
69:1, 96777:0, 54, 8, [], [], 0.434
69:1, 57826:1, 54, 4, [], [], 0.434
69:1, 75889:2, 54, 217, [], [], 0.434
69:1, 27990:2, 54, 0, [], [], 0.435
69:1, 28736:6, 54, 294, [], [], 0.436
69:1, 23826:2, 54, 2, [], [], 0.436
69:1, 14415:3, 55, 4, [], [], 0.218
69:1, 15944:3, 55, 4, [], [], 0.218
69:1, 21018:3, 55, 4, [], [], 0.218
69:1, 21893:3, 55, 4, [], [], 0.218
69:1, 28746:3, 55, 4, [], [], 0.218
69:1, 30495:3, 55, 4, [], [], 0.218
69:1, 30906:3, 55, 4, [], [], 0.218
69:1, 33561:3, 55, 4, [], [], 0.218
69:1, 37679:3, 55, 4, [], [], 0.218
69:1, 42935:3, 55, 4, [], [], 0.218
69:1, 44651:3, 55, 4, [], [], 0.218
69:1, 46012:3, 55, 4, [], [], 0.218
69:1, 55704:3, 55, 4, [], [], 0.218
69:1, 67614:3, 55, 4, [], [], 0.218
69:1, 69874:3, 55, 4, [], [], 0.218
69:1, 70731:3, 55, 4, [], [], 0.218
69:1, 81208:3, 55, 4, [], [], 0.218
69:1, 84940:3, 55, 4, [], [], 0.218
69:1, 86883:3, 55, 4, [], [], 0.218
69:1, 92716:3, 55, 4, [], [], 0.218
69:1, 93004:3, 55, 4, [], [], 0.218
69:1, 50277:4, 55, 14, [], [], 0.226
69:1, 5749:1, 55, 0, [], [], 0.238
69:1, 7808:0, 55, 9, [], [], 0.247
69:1, 81587:0, 55, 27, [], [], 0.248
69:1, 80642:0, 55, 2, [], [], 0.253
69:1, 2238:0, 55, 17, [], [], 0.258
69:1, 14112:0, 55, 165, [], [], 0.259
69:1, 71784:1, 55, 331, [], [], 0.264
69:1, 97544:4, 55, 30, [], [], 0.264
69:1, 9244:0, 55, 4, [], [], 0.268
69:1, 88805:0, 55, 4, [], [], 0.268
69:1, 59394:0, 55, 182, [], [], 0.272
69:1, 18121:3, 55, 1, [], [], 0.273
69:1, 83453:3, 55, 1, [], [], 0.273
69:1, 39996:1, 55, 4, [], [], 0.273
69:1, 85796:1, 55, 5, [], [], 0.274
69:1, 94966:1, 55, 5, [], [], 0.274
69:1, 18121:3, 55, 3, [], [], 0.274
69:1, 83453:3, 55, 3, [], [], 0.274
69:1, 18121:4, 55, 5, [], [], 0.274
69:1, 83453:4, 55, 5, [], [], 0.274
69:1, 42892:1, 55, 6, [], [], 0.275
69:1, 88743:2, 55, 155, [], [], 0.275
69:1, 18121:3, 55, 0, [], [], 0.276
69:1, 83453:3, 55, 0, [], [], 0.276
69:1, 96816:0, 55, 0, [], [], 0.277
69:1, 18121:4, 55, 0, [], [], 0.279
69:1, 83453:4, 55, 0, [], [], 0.279
69:1, 15511:1, 55, 90, [], [], 0.284
69:1, 3540:1, 55, 116, [], [], 0.284
69:1, 8201:0, 55, 92, [], [], 0.285
69:1, 18121:3, 55, 5, [], [], 0.287
69:1, 83453:3, 55, 5, [], [], 0.287
69:1, 6154:0, 55, 44, [], [], 0.288
69:1, 50486:1, 55, 3, [], [], 0.289
69:1, 72714:0, 55, 2, [], [], 0.289
69:1, 18121:1, 55, 3, [], [], 0.290
69:1, 83453:1, 55, 3, [], [], 0.290
69:1, 56588:1, 55, 147, [], [], 0.290
69:1, 65205:1, 55, 9, [], [], 0.290
69:1, 82907:0, 55, 12, [], [], 0.290
69:1, 85988:0, 55, 12, [], [], 0.291
69:1, 7276:1, 55, 9, [], [], 0.291
69:1, 13194:1, 55, 10, [], [], 0.291
69:1, 19063:1, 55, 9, [], [], 0.291
69:1, 20625:1, 55, 9, [], [], 0.291
69:1, 22201:1, 55, 9, [], [], 0.291
69:1, 33051:1, 55, 10, [], [], 0.291
69:1, 33686:1, 55, 9, [], [], 0.291
69:1, 39762:1, 55, 10, [], [], 0.291
69:1, 51015:1, 55, 9, [], [], 0.291
69:1, 55116:1, 55, 10, [], [], 0.291
69:1, 57653:1, 55, 9, [], [], 0.291
69:1, 65657:1, 55, 10, [], [], 0.291
69:1, 67220:1, 55, 9, [], [], 0.291
69:1, 69859:1, 55, 10, [], [], 0.291
69:1, 79692:1, 55, 9, [], [], 0.291
69:1, 81902:1, 55, 10, [], [], 0.291
69:1, 83418:1, 55, 9, [], [], 0.291
69:1, 86905:1, 55, 9, [], [], 0.291
69:1, 87638:1, 55, 9, [], [], 0.291
69:1, 89763:1, 55, 9, [], [], 0.291
69:1, 99392:1, 55, 9, [], [], 0.291
69:1, 46810:1, 55, 4, [], [], 0.293
69:1, 65730:2, 55, 11, [], [], 0.294
69:1, 29764:1, 55, 3, [], [], 0.294
69:1, 51070:1, 55, 3, [], [], 0.294
69:1, 98125:1, 55, 3, [], [], 0.294
69:1, 29546:1, 55, 9, [], [], 0.295
69:1, 63916:3, 55, 7, [], [], 0.296
69:1, 22478:2, 55, 0, [], [], 0.296
69:1, 59834:0, 55, 5, [], [], 0.297
69:1, 18121:1, 55, 5, [], [], 0.297
69:1, 83453:1, 55, 5, [], [], 0.297
69:1, 25655:1, 55, 28, [], [], 0.297
69:1, 46244:1, 55, 96, [], [], 0.297
69:1, 48224:1, 55, 44, [], [], 0.298
69:1, 83638:1, 55, 44, [], [], 0.298
69:1, 63800:1, 55, 18, [], [], 0.298
69:1, 2313:5, 56, 110, [], [], 0.000
69:1, 89164:17, 56, 12, [], [], 0.000
69:1, 19743:7, 56, 7, [], [], 0.335
69:1, 87175:2, 56, 5, [], [], 0.335
69:1, 75857:5, 56, 24, [], [], 0.337
69:1, 32511:5, 56, 140, [], [], 0.350
69:1, 57685:3, 56, 7, [], [], 0.375
69:1, 21344:9, 56, 0, [], [], 0.430
69:1, 43747:0, 56, 175, [], [], 0.498
69:1, 91166:6, 56, 199, [], [], 0.506
69:1, 98024:4, 56, 1974, [], [], 0.530
69:1, 21454:4, 56, 38, [], [], 0.546
69:1, 40324:4, 56, 49, [], [], 0.546
69:1, 11480:0, 56, 62, [], [], 0.555
69:1, 9432:0, 56, 4, [], [], 0.567
69:1, 75864:0, 56, 971, [], [], 0.568
69:1, 54761:7, 56, 17, [], [], 0.572
69:1, 61814:7, 56, 38, [], [], 0.572
69:1, 2313:5, 56, 185, [], [], 0.581
69:1, 30209:4, 56, 13, [], [], 0.581
69:1, 30599:7, 56, 0, [], [], 0.581
69:1, 47705:7, 56, 222, [], [], 0.581
69:1, 55600:2, 56, 4, [], [], 0.581
69:1, 64675:28, 56, 17, [], [], 0.581
69:1, 5412:0, 56, 49, [], [], 0.583
69:1, 51567:0, 56, 9, [], [], 0.586
69:1, 76911:1, 56, 2, [], [], 0.588
69:1, 37476:4, 56, 9, [], [], 0.592
69:1, 44126:2, 56, 3, [], [], 0.592
69:1, 6530:0, 56, 12, [], [], 0.593
69:1, 35091:0, 56, 0, [], [], 0.598
69:1, 65533:5, 56, 44, [], [], 0.601
69:1, 77483:2, 56, 1, [], [], 0.601
69:1, 75864:0, 56, 613, [], [], 0.606
69:1, 30756:0, 56, 17, [], [], 0.612
69:1, 69663:3, 56, 10, [], [], 0.613
69:1, 89806:0, 56, 2166, [], [], 0.614
69:1, 75864:1, 56, 509, [], [], 0.619
69:1, 75864:2, 56, 599, [], [], 0.619
69:1, 75516:0, 56, 34, [], [], 0.619
69:1, 29392:0, 56, 35, [], [], 0.620
69:1, 99328:0, 56, 36, [], [], 0.621
69:1, 42098:0, 56, 5, [], [], 0.621
69:1, 64037:4, 56, 11, [], [], 0.621
69:1, 42529:6, 56, 33, [], [], 0.621
69:1, 88814:0, 56, 2273, [], [], 0.622
69:1, 58301:7, 56, 43, [], [], 0.622
69:1, 57993:0, 56, 89, [], [], 0.624
69:1, 95605:4, 56, 41, [], [], 0.625
69:1, 11480:0, 56, 66, [], [], 0.628
69:1, 5799:1, 56, 2, [], [], 0.628
69:1, 44169:1, 56, 2, [], [], 0.628
69:1, 89806:2, 56, 18, [], [], 0.629
69:1, 31423:2, 56, 1886, [], [], 0.630
69:1, 6682:2, 56, 7, [], [], 0.631
69:1, 86805:1, 56, 6, [], [], 0.631
69:1, 97624:11, 56, 64, [], [], 0.631
69:1, 11480:0, 56, 63, [], [], 0.633
69:1, 89806:0, 56, 1398, [], [], 0.633
69:1, 89806:0, 56, 1393, [], [], 0.635
69:1, 98024:4, 56, 1024, [], [], 0.635
69:1, 98024:4, 56, 1023, [], [], 0.635
69:1, 89806:0, 56, 2141, [], [], 0.638
69:1, 3734:0, 56, 373, [], [], 0.639
69:1, 75864:0, 56, 279, [], [], 0.640
69:1, 75864:2, 56, 614, [], [], 0.642
69:1, 46274:2, 56, 14, [], [], 0.642
69:1, 59045:6, 56, 5, [], [], 0.642
69:1, 68905:4, 56, 95, [], [], 0.643
69:1, 24714:4, 56, 6, [], [], 0.644
69:1, 40741:0, 56, 4, [], [], 0.644
69:1, 11480:0, 56, 83, [], [], 0.644
69:1, 13039:2, 56, 17, [], [], 0.646
69:1, 47705:7, 56, 1061, [], [], 0.646
69:1, 95384:2, 56, 44, [], [], 0.646
69:1, 36544:1, 56, 2, [], [], 0.646
69:1, 23701:1, 56, 28, [], [], 0.647
69:1, 3145:3, 56, 8, [], [], 0.648
69:1, 69663:3, 56, 9, [], [], 0.648
69:1, 73800:0, 56, 29, [], [], 0.648
69:1, 19858:7, 56, 13, [], [], 0.648
69:1, 49198:7, 56, 6, [], [], 0.648
69:1, 67319:7, 56, 15, [], [], 0.648
69:1, 45059:1, 56, 12, [], [], 0.649
69:1, 15644:0, 56, 307, [], [], 0.649
69:1, 38543:7, 56, 2, [], [], 0.649
69:1, 68157:3, 56, 12, [], [], 0.649
69:1, 84552:0, 56, 2, [], [], 0.649
69:1, 6658:97, 56, 15, [], [], 0.650
69:1, 14208:97, 56, 15, [], [], 0.650
69:1, 30784:97, 56, 15, [], [], 0.650
69:1, 89962:97, 56, 15, [], [], 0.650
69:1, 47705:1, 56, 159, [], [], 0.650
69:1, 97916:1, 56, 236, [], [], 0.650
69:1, 89806:0, 56, 2142, [], [], 0.651
69:1, 89806:2, 56, 1428, [], [], 0.652
69:1, 89806:0, 56, 1712, [], [], 0.653
69:1, 56896:8, 56, 2, [], [], 0.653
69:1, 93529:3, 56, 14, [], [], 0.653
69:1, 63169:0, 56, 40, [], [], 0.654
69:1, 8266:5, 57, 22, [], [], 0.261
69:1, 8266:5, 57, 33, [], [], 0.275
69:1, 77500:2, 57, 19, [], [], 0.296
69:1, 75864:0, 57, 646, [], [], 0.304
69:1, 56009:1, 57, 3, [], [], 0.306
69:1, 36007:3, 57, 88, [], [], 0.308
69:1, 69817:5, 57, 3, [], [], 0.309
69:1, 87110:1, 57, 1, [], [], 0.319
69:1, 53664:0, 57, 468, [], [], 0.319
69:1, 71726:2, 57, 14, [], [], 0.322
69:1, 47423:0, 57, 290, [], [], 0.328
69:1, 97698:0, 57, 401, [], [], 0.328
69:1, 84599:4, 57, 110, [], [], 0.328
69:1, 73195:2, 57, 87, [], [], 0.330
69:1, 74517:7, 57, 20, [], [], 0.331
69:1, 44939:1, 57, 29, [], [], 0.332
69:1, 74181:0, 57, 11, [], [], 0.333
69:1, 23370:1, 57, 5, [], [], 0.336
69:1, 53664:0, 57, 36, [], [], 0.337
69:1, 43365:2, 57, 8, [], [], 0.337
69:1, 17861:2, 57, 25, [], [], 0.337
69:1, 18097:1, 57, 43, [], [], 0.338
69:1, 63807:1, 57, 44, [], [], 0.338
69:1, 28317:0, 57, 11, [], [], 0.338
69:1, 27880:27, 57, 20, [], [], 0.339
69:1, 27880:28, 57, 20, [], [], 0.339
69:1, 8266:5, 57, 37, [], [], 0.339
69:1, 53664:0, 57, 471, [], [], 0.339
69:1, 30277:1, 57, 118, [], [], 0.339
69:1, 53664:0, 57, 472, [], [], 0.340
69:1, 58620:5, 57, 7, [], [], 0.340
69:1, 84575:1, 57, 12, [], [], 0.341
69:1, 57296:0, 57, 41, [], [], 0.342
69:1, 33255:0, 57, 62, [], [], 0.342
69:1, 58325:0, 57, 7, [], [], 0.342
69:1, 5503:1, 57, 1, [], [], 0.342
69:1, 53664:0, 57, 469, [], [], 0.343
69:1, 17581:1, 57, 9, [], [], 0.345
69:1, 23236:4, 57, 23, [], [], 0.345
69:1, 68616:4, 57, 86, [], [], 0.345
69:1, 59040:1, 57, 1, [], [], 0.346
69:1, 31944:2, 57, 4, [], [], 0.347
69:1, 53664:0, 57, 24, [], [], 0.348
69:1, 31423:2, 57, 498, [], [], 0.349
69:1, 45040:1, 57, 10, [], [], 0.349
69:1, 88588:0, 57, 35, [], [], 0.349
69:1, 97863:0, 57, 28, [], [], 0.350
69:1, 78350:1, 57, 26, [], [], 0.350
69:1, 56101:0, 57, 219, [], [], 0.350
69:1, 95895:0, 57, 280, [], [], 0.350
69:1, 40708:1, 57, 10, [], [], 0.350
69:1, 53664:0, 57, 444, [], [], 0.351
69:1, 56760:2, 57, 22, [], [], 0.351
69:1, 53664:0, 57, 39, [], [], 0.352
69:1, 45127:3, 57, 9, [], [], 0.352
69:1, 53664:0, 57, 348, [], [], 0.352
69:1, 53664:0, 57, 288, [], [], 0.353
69:1, 16596:1, 57, 1, [], [], 0.353
69:1, 71328:1, 57, 2, [], [], 0.353
69:1, 19225:3, 57, 5, [], [], 0.354
69:1, 53664:0, 57, 264, [], [], 0.354
69:1, 53664:0, 57, 473, [], [], 0.355
69:1, 34350:1, 57, 98, [], [], 0.355
69:1, 15644:0, 57, 598, [], [], 0.356
69:1, 86885:7, 57, 50, [], [], 0.356
69:1, 53664:0, 57, 204, [], [], 0.357
69:1, 94805:0, 57, 0, [], [], 0.357
69:1, 62121:1, 57, 4, [], [], 0.358
69:1, 58137:1, 57, 0, [], [], 0.358
69:1, 53664:0, 57, 40, [], [], 0.358
69:1, 82740:2, 57, 1, [], [], 0.359
69:1, 67011:2, 57, 170, [], [], 0.359
69:1, 40581:5, 57, 3, [], [], 0.359
69:1, 96108:0, 57, 21, [], [], 0.359
69:1, 53664:0, 57, 84, [], [], 0.359
69:1, 91061:2, 57, 225, [], [], 0.359
69:1, 53664:0, 57, 37, [], [], 0.359
69:1, 53664:0, 57, 276, [], [], 0.360
69:1, 53664:0, 57, 432, [], [], 0.361
69:1, 96396:4, 57, 1, [], [], 0.361
69:1, 37298:0, 57, 394, [], [], 0.362
69:1, 51834:0, 57, 166, [], [], 0.362
69:1, 53664:0, 57, 240, [], [], 0.362
69:1, 53664:0, 57, 96, [], [], 0.363
69:1, 53664:0, 57, 216, [], [], 0.364
69:1, 53664:0, 57, 120, [], [], 0.364
69:1, 29059:5, 57, 14, [], [], 0.364
69:1, 86582:5, 57, 10, [], [], 0.364
69:1, 627:0, 57, 60, [], [], 0.364
69:1, 53664:0, 57, 420, [], [], 0.365
69:1, 89806:0, 57, 1604, [], [], 0.365
69:1, 82624:1, 57, 245, [], [], 0.365
69:1, 8266:5, 57, 12, [], [], 0.365
69:1, 11480:0, 57, 115, [], [], 0.366
69:1, 38734:0, 57, 25, [], [], 0.366
69:1, 39939:0, 57, 31, [], [], 0.366
69:1, 53664:0, 57, 0, [], [], 0.366
69:1, 53664:0, 57, 41, [], [], 0.366
69:1, 53664:0, 57, 27, [], [], 0.366
69:1, 89806:2, 57, 2207, [], [], 0.367
69:1, 98850:5, 58, 5, [], [], 0.494
69:1, 5747:9, 58, 14, [], [], 0.506
69:1, 6658:20, 58, 3, [], [], 0.506
69:1, 9096:9, 58, 5, [], [], 0.506
69:1, 14208:20, 58, 3, [], [], 0.506
69:1, 24552:2, 58, 0, [], [], 0.506
69:1, 24925:2, 58, 0, [], [], 0.506
69:1, 29210:3, 58, 1, [], [], 0.506
69:1, 30784:20, 58, 3, [], [], 0.506
69:1, 46299:4, 58, 1, [], [], 0.506
69:1, 67944:3, 58, 0, [], [], 0.506
69:1, 68331:5, 58, 8, [], [], 0.506
69:1, 77575:10, 58, 0, [], [], 0.506
69:1, 77881:2, 58, 3, [], [], 0.506
69:1, 84045:2, 58, 0, [], [], 0.506
69:1, 87883:6, 58, 9, [], [], 0.506
69:1, 89962:20, 58, 3, [], [], 0.506
69:1, 98375:1, 58, 0, [], [], 0.506
69:1, 50371:6, 58, 8, [], [], 0.507
69:1, 50381:4, 58, 2, [], [], 0.507
69:1, 50460:6, 58, 10, [], [], 0.507
69:1, 69890:1, 58, 0, [], [], 0.507
69:1, 76428:2, 58, 3, [], [], 0.507
69:1, 79959:2, 58, 0, [], [], 0.507
69:1, 4961:5, 58, 66, [], [], 0.508
69:1, 6966:12, 58, 2, [], [], 0.508
69:1, 12513:2, 58, 2, [], [], 0.508
69:1, 18454:12, 58, 2, [], [], 0.508
69:1, 26423:6, 58, 9, [], [], 0.508
69:1, 37904:4, 58, 0, [], [], 0.508
69:1, 49957:5, 58, 48, [], [], 0.508
69:1, 55600:3, 58, 0, [], [], 0.508
69:1, 67274:2, 58, 0, [], [], 0.508
69:1, 67957:4, 58, 0, [], [], 0.508
69:1, 70174:2, 58, 378, [], [], 0.508
69:1, 70174:3, 58, 380, [], [], 0.508
69:1, 70174:4, 58, 360, [], [], 0.508
69:1, 74410:5, 58, 80, [], [], 0.508
69:1, 76508:5, 58, 132, [], [], 0.508
69:1, 77008:1, 58, 1, [], [], 0.508
69:1, 78281:3, 58, 0, [], [], 0.508
69:1, 89827:12, 58, 0, [], [], 0.508
69:1, 93412:1, 58, 1, [], [], 0.508
69:1, 95782:1, 58, 0, [], [], 0.508
69:1, 54761:7, 58, 26, [], [], 0.512
69:1, 87160:0, 58, 1460, [], [], 0.546
69:1, 87175:2, 58, 9, [], [], 0.555
69:1, 20809:3, 58, 1, [], [], 0.585
69:1, 54761:7, 58, 25, [], [], 0.587
69:1, 98850:5, 58, 6, [], [], 0.589
69:1, 61814:7, 58, 50, [], [], 0.599
69:1, 88992:5, 58, 2, [], [], 0.610
69:1, 73587:3, 58, 223, [], [], 0.619
69:1, 38543:7, 58, 4, [], [], 0.620
69:1, 76052:3, 58, 0, [], [], 0.622
69:1, 110:0, 58, 12, [], [], 0.624
69:1, 5501:3, 58, 0, [], [], 0.632
69:1, 69805:7, 58, 2, [], [], 0.635
69:1, 93567:0, 58, 15, [], [], 0.636
69:1, 19858:7, 58, 21, [], [], 0.639
69:1, 5266:5, 58, 1, [], [], 0.641
69:1, 31753:0, 58, 14, [], [], 0.643
69:1, 53167:7, 58, 9, [], [], 0.646
69:1, 7099:7, 58, 17, [], [], 0.649
69:1, 9729:7, 58, 3, [], [], 0.649
69:1, 20100:7, 58, 2, [], [], 0.649
69:1, 88762:2, 58, 72, [], [], 0.651
69:1, 16757:1, 58, 26, [], [], 0.653
69:1, 67767:0, 58, 124, [], [], 0.653
69:1, 12484:2, 58, 21, [], [], 0.654
69:1, 7169:0, 58, 38, [], [], 0.663
69:1, 21592:5, 58, 2, [], [], 0.668
69:1, 79285:3, 58, 108, [], [], 0.674
69:1, 7192:7, 58, 14, [], [], 0.674
69:1, 87160:0, 58, 1499, [], [], 0.681
69:1, 87160:0, 58, 1569, [], [], 0.685
69:1, 45792:4, 58, 11, [], [], 0.686
69:1, 16504:4, 58, 30, [], [], 0.687
69:1, 59385:4, 58, 23, [], [], 0.687
69:1, 74086:4, 58, 17, [], [], 0.687
69:1, 36112:3, 58, 43, [], [], 0.690
69:1, 6721:1, 58, 0, [], [], 0.691
69:1, 55915:1, 58, 76, [], [], 0.691
69:1, 72257:0, 58, 6, [], [], 0.691
69:1, 30828:6, 58, 10, [], [], 0.692
69:1, 78872:0, 58, 2, [], [], 0.693
69:1, 16876:7, 58, 343, [], [], 0.694
69:1, 88100:4, 58, 21, [], [], 0.695
69:1, 98936:1, 58, 682, [], [], 0.699
69:1, 15246:3, 58, 15, [], [], 0.705
69:1, 38965:3, 58, 9, [], [], 0.705
69:1, 79252:3, 58, 11, [], [], 0.705
69:1, 61822:1, 58, 7, [], [], 0.706
69:1, 31423:3, 58, 760, [], [], 0.706
69:1, 10348:1, 58, 3, [], [], 0.708
69:1, 49189:1, 58, 4, [], [], 0.708
69:1, 54903:1, 58, 7, [], [], 0.708
69:1, 88315:3, 58, 1, [], [], 0.712
69:1, 56962:2, 58, 1, [], [], 0.712
69:1, 58266:7, 58, 11, [], [], 0.713
69:1, 275:0, 59, 40, [], [], 0.000
69:1, 453:0, 59, 3, [], [], 0.000
69:1, 1011:1, 59, 0, [], [], 0.000
69:1, 1212:5, 59, 0, [], [], 0.000
69:1, 1739:0, 59, 49, [], [], 0.000
69:1, 2341:2, 59, 1, [], [], 0.000
69:1, 2341:3, 59, 1, [], [], 0.000
69:1, 2806:2, 59, 1, [], [], 0.000
69:1, 2806:3, 59, 1, [], [], 0.000
69:1, 2806:6, 59, 2, [], [], 0.000
69:1, 3786:7, 59, 11, [], [], 0.000
69:1, 3799:1, 59, 1, [], [], 0.000
69:1, 3799:2, 59, 1, [], [], 0.000
69:1, 3799:3, 59, 1, [], [], 0.000
69:1, 3799:4, 59, 1, [], [], 0.000
69:1, 3799:5, 59, 1, [], [], 0.000
69:1, 3799:6, 59, 1, [], [], 0.000
69:1, 3799:7, 59, 1, [], [], 0.000
69:1, 3799:8, 59, 1, [], [], 0.000
69:1, 3799:9, 59, 1, [], [], 0.000
69:1, 3799:10, 59, 1, [], [], 0.000
69:1, 6051:0, 59, 10, [], [], 0.000
69:1, 6784:1, 59, 1, [], [], 0.000
69:1, 6784:2, 59, 1, [], [], 0.000
69:1, 6784:3, 59, 1, [], [], 0.000
69:1, 6784:4, 59, 1, [], [], 0.000
69:1, 6784:5, 59, 1, [], [], 0.000
69:1, 6784:6, 59, 1, [], [], 0.000
69:1, 6784:7, 59, 1, [], [], 0.000
69:1, 7508:1, 59, 2, [], [], 0.000
69:1, 9456:1, 59, 3, [], [], 0.000
69:1, 9456:2, 59, 2, [], [], 0.000
69:1, 9900:1, 59, 1, [], [], 0.000
69:1, 9900:2, 59, 1, [], [], 0.000
69:1, 9900:3, 59, 1, [], [], 0.000
69:1, 9900:4, 59, 1, [], [], 0.000
69:1, 9900:5, 59, 1, [], [], 0.000
69:1, 9900:6, 59, 1, [], [], 0.000
69:1, 9900:7, 59, 1, [], [], 0.000
69:1, 10490:2, 59, 3, [], [], 0.000
69:1, 10751:2, 59, 3, [], [], 0.000
69:1, 11922:1, 59, 2, [], [], 0.000
69:1, 12211:1, 59, 1, [], [], 0.000
69:1, 12211:2, 59, 1, [], [], 0.000
69:1, 12238:0, 59, 1, [], [], 0.000
69:1, 12315:0, 59, 3, [], [], 0.000
69:1, 13594:0, 59, 1, [], [], 0.000
69:1, 13910:0, 59, 13, [], [], 0.000
69:1, 14737:0, 59, 10, [], [], 0.000
69:1, 14816:3, 59, 3, [], [], 0.000
69:1, 14816:4, 59, 4, [], [], 0.000
69:1, 14816:5, 59, 7, [], [], 0.000
69:1, 14816:6, 59, 48, [], [], 0.000
69:1, 14816:7, 59, 11, [], [], 0.000
69:1, 14829:1, 59, 1, [], [], 0.000
69:1, 14829:2, 59, 1, [], [], 0.000
69:1, 14829:3, 59, 1, [], [], 0.000
69:1, 14829:4, 59, 1, [], [], 0.000
69:1, 14829:5, 59, 1, [], [], 0.000
69:1, 14829:6, 59, 1, [], [], 0.000
69:1, 14829:7, 59, 1, [], [], 0.000
69:1, 15054:1, 59, 2, [], [], 0.000
69:1, 15054:2, 59, 1, [], [], 0.000
69:1, 15054:3, 59, 2, [], [], 0.000
69:1, 15054:4, 59, 2, [], [], 0.000
69:1, 15054:5, 59, 1, [], [], 0.000
69:1, 15054:6, 59, 1, [], [], 0.000
69:1, 15054:7, 59, 2, [], [], 0.000
69:1, 15054:8, 59, 2, [], [], 0.000
69:1, 15054:9, 59, 1, [], [], 0.000
69:1, 15054:10, 59, 1, [], [], 0.000
69:1, 15054:11, 59, 1, [], [], 0.000
69:1, 16245:1, 59, 3, [], [], 0.000
69:1, 16245:2, 59, 1, [], [], 0.000
69:1, 16245:3, 59, 1, [], [], 0.000
69:1, 16245:4, 59, 1, [], [], 0.000
69:1, 16323:1, 59, 1, [], [], 0.000
69:1, 16323:2, 59, 1, [], [], 0.000
69:1, 16323:3, 59, 1, [], [], 0.000
69:1, 16323:4, 59, 1, [], [], 0.000
69:1, 16323:5, 59, 1, [], [], 0.000
69:1, 16323:6, 59, 1, [], [], 0.000
69:1, 16323:7, 59, 1, [], [], 0.000
69:1, 16382:1, 59, 0, [], [], 0.000
69:1, 16382:2, 59, 0, [], [], 0.000
69:1, 16382:3, 59, 0, [], [], 0.000
69:1, 16382:4, 59, 0, [], [], 0.000
69:1, 16382:5, 59, 0, [], [], 0.000
69:1, 16501:1, 59, 1, [], [], 0.000
69:1, 16501:2, 59, 1, [], [], 0.000
69:1, 16501:3, 59, 1, [], [], 0.000
69:1, 16501:4, 59, 1, [], [], 0.000
69:1, 16501:5, 59, 1, [], [], 0.000
69:1, 16501:6, 59, 1, [], [], 0.000
69:1, 16501:7, 59, 1, [], [], 0.000
69:1, 18060:0, 59, 10, [], [], 0.000
69:1, 18731:1, 59, 2, [], [], 0.000
69:1, 20093:1, 59, 1, [], [], 0.000
69:1, 20093:2, 59, 1, [], [], 0.000
69:1, 99811:7, 59, 1, [], [], 0.000